1163398.AJJP01000057_gene1987,AJJP01000057_gene1987,annotation&nbsp;not&nbsp;available,98.9
1163398.AJJP01000040_gene2300,AJJP01000040_gene2300,annotation&nbsp;not&nbsp;available,98.9
1163398.AJJP01000001_gene3327,AJJP01000001_gene3327,annotation&nbsp;not&nbsp;available,98.9
1163398.AJJP01000050_gene1889,AJJP01000050_gene1889,annotation&nbsp;not&nbsp;available,98.9
1163398.AJJP01000198_gene3528,AJJP01000198_gene3528,annotation&nbsp;not&nbsp;available,98.9
1163398.AJJP01000079_gene4184,AJJP01000079_gene4184,annotation&nbsp;not&nbsp;available,98.9
1163398.AJJP01000134_gene3885,AJJP01000134_gene3885,annotation&nbsp;not&nbsp;available,98.9
1163398.AJJP01000005_gene3387,AJJP01000005_gene3387,annotation&nbsp;not&nbsp;available,98.9
1163398.AJJP01000137_gene484,AJJP01000137_gene484,annotation&nbsp;not&nbsp;available,98.8
1163398.AJJP01000056_gene1962,AJJP01000056_gene1962,annotation&nbsp;not&nbsp;available,98.8
1163398.AJJP01000137_gene433,AJJP01000137_gene433,annotation&nbsp;not&nbsp;available,98.8
1163398.AJJP01000012_gene578,AJJP01000012_gene578,annotation&nbsp;not&nbsp;available,98.8
1163398.AJJP01000129_gene4037,AJJP01000129_gene4037,annotation&nbsp;not&nbsp;available,98.8
1163398.AJJP01000129_gene4025,AJJP01000129_gene4025,annotation&nbsp;not&nbsp;available,98.8
1163398.AJJP01000020_gene1405,AJJP01000020_gene1405,annotation&nbsp;not&nbsp;available,98.8
1163398.AJJP01000137_gene527,AJJP01000137_gene527,annotation&nbsp;not&nbsp;available,98.7
1163398.AJJP01000170_gene1022,AJJP01000170_gene1022,annotation&nbsp;not&nbsp;available,98.7
1163398.AJJP01000104_gene1471,AJJP01000104_gene1471,annotation&nbsp;not&nbsp;available,98.7
1163398.AJJP01000126_gene4743,AJJP01000126_gene4743,annotation&nbsp;not&nbsp;available,98.7
1163398.AJJP01000200_gene3604,AJJP01000200_gene3604,annotation&nbsp;not&nbsp;available,98.7
1163398.AJJP01000127_gene4736,AJJP01000127_gene4736,annotation&nbsp;not&nbsp;available,98.6
1163398.AJJP01000134_gene3874,AJJP01000134_gene3874,annotation&nbsp;not&nbsp;available,98.6
1163398.AJJP01000193_gene2202,AJJP01000193_gene2202,annotation&nbsp;not&nbsp;available,98.6
1163398.AJJP01000055_gene2083,AJJP01000055_gene2083,annotation&nbsp;not&nbsp;available,98.6
1163398.AJJP01000061_gene3186,AJJP01000061_gene3186,annotation&nbsp;not&nbsp;available,98.6
1163398.AJJP01000193_gene2204,AJJP01000193_gene2204,annotation&nbsp;not&nbsp;available,98.6
1163398.AJJP01000074_gene2556,AJJP01000074_gene2556,annotation&nbsp;not&nbsp;available,98.5
1163398.AJJP01000018_gene1223,AJJP01000018_gene1223,annotation&nbsp;not&nbsp;available,98.5
1163398.AJJP01000109_gene685,AJJP01000109_gene685,annotation&nbsp;not&nbsp;available,98.5
1163398.AJJP01000137_gene446,AJJP01000137_gene446,annotation&nbsp;not&nbsp;available,98.5
1163398.AJJP01000136_gene2401,AJJP01000136_gene2401,annotation&nbsp;not&nbsp;available,98.5
1163398.AJJP01000008_gene4112,AJJP01000008_gene4112,annotation&nbsp;not&nbsp;available,98.5
1163398.AJJP01000069_gene2463,AJJP01000069_gene2463,annotation&nbsp;not&nbsp;available,98.5
1163398.AJJP01000134_gene3848,AJJP01000134_gene3848,annotation&nbsp;not&nbsp;available,98.4
1163398.AJJP01000167_gene1737,AJJP01000167_gene1737,annotation&nbsp;not&nbsp;available,98.4
1163398.AJJP01000066_gene3247,AJJP01000066_gene3247,annotation&nbsp;not&nbsp;available,98.4
1163398.AJJP01000083_gene4989,AJJP01000083_gene4989,annotation&nbsp;not&nbsp;available,98.4
1163398.AJJP01000077_gene2583,AJJP01000077_gene2583,annotation&nbsp;not&nbsp;available,98.4
1163398.AJJP01000087_gene4900,AJJP01000087_gene4900,annotation&nbsp;not&nbsp;available,98.4
1163398.AJJP01000131_gene4008,AJJP01000131_gene4008,annotation&nbsp;not&nbsp;available,98.3
1163398.AJJP01000047_gene2385,AJJP01000047_gene2385,annotation&nbsp;not&nbsp;available,98.3
1163398.AJJP01000194_gene4367,AJJP01000194_gene4367,annotation&nbsp;not&nbsp;available,98.3
1163398.AJJP01000160_gene1605,AJJP01000160_gene1605,annotation&nbsp;not&nbsp;available,98.3
1163398.AJJP01000129_gene4017,AJJP01000129_gene4017,annotation&nbsp;not&nbsp;available,98.3
1163398.AJJP01000170_gene1042,AJJP01000170_gene1042,annotation&nbsp;not&nbsp;available,98.3
1163398.AJJP01000155_gene2796,AJJP01000155_gene2796,annotation&nbsp;not&nbsp;available,98.2
1163398.AJJP01000011_gene4564,AJJP01000011_gene4564,annotation&nbsp;not&nbsp;available,98.2
1163398.AJJP01000044_gene2365,AJJP01000044_gene2365,annotation&nbsp;not&nbsp;available,98.2
1163398.AJJP01000174_gene1074,AJJP01000174_gene1074,annotation&nbsp;not&nbsp;available,98.1
1163398.AJJP01000005_gene3381,AJJP01000005_gene3381,annotation&nbsp;not&nbsp;available,98.1
1163398.AJJP01000013_gene528,AJJP01000013_gene528,annotation&nbsp;not&nbsp;available,98.1
1163398.AJJP01000059_gene3105,AJJP01000059_gene3105,annotation&nbsp;not&nbsp;available,98.1
1163398.AJJP01000161_gene1590,AJJP01000161_gene1590,annotation&nbsp;not&nbsp;available,98.1
1163398.AJJP01000029_gene547,AJJP01000029_gene547,annotation&nbsp;not&nbsp;available,98.1
1163398.AJJP01000123_gene4832,AJJP01000123_gene4832,annotation&nbsp;not&nbsp;available,98.1
1163398.AJJP01000111_gene764,AJJP01000111_gene764,annotation&nbsp;not&nbsp;available,98.0
1163398.AJJP01000109_gene653,AJJP01000109_gene653,annotation&nbsp;not&nbsp;available,98.0
1163398.AJJP01000041_gene2291,AJJP01000041_gene2291,annotation&nbsp;not&nbsp;available,97.9
1163398.AJJP01000056_gene1984,AJJP01000056_gene1984,annotation&nbsp;not&nbsp;available,97.9
1163398.AJJP01000001_gene3319,AJJP01000001_gene3319,annotation&nbsp;not&nbsp;available,97.9
1163398.AJJP01000173_gene978,AJJP01000173_gene978,annotation&nbsp;not&nbsp;available,97.9
1163398.AJJP01000167_gene1700,AJJP01000167_gene1700,annotation&nbsp;not&nbsp;available,97.8
1163398.AJJP01000083_gene4988,AJJP01000083_gene4988,annotation&nbsp;not&nbsp;available,97.8
1163398.AJJP01000014_gene3712,AJJP01000014_gene3712,annotation&nbsp;not&nbsp;available,97.8
1163398.AJJP01000113_gene833,AJJP01000113_gene833,annotation&nbsp;not&nbsp;available,97.7
1163398.AJJP01000059_gene3115,AJJP01000059_gene3115,annotation&nbsp;not&nbsp;available,97.7
1163398.AJJP01000055_gene2098,AJJP01000055_gene2098,annotation&nbsp;not&nbsp;available,97.7
1163398.AJJP01000074_gene2473,AJJP01000074_gene2473,annotation&nbsp;not&nbsp;available,97.7
1163398.AJJP01000078_gene4486,AJJP01000078_gene4486,annotation&nbsp;not&nbsp;available,97.7
1163398.AJJP01000160_gene1600,AJJP01000160_gene1600,annotation&nbsp;not&nbsp;available,97.7
1163398.AJJP01000137_gene477,AJJP01000137_gene477,annotation&nbsp;not&nbsp;available,97.7
1163398.AJJP01000029_gene557,AJJP01000029_gene557,annotation&nbsp;not&nbsp;available,97.6
1163398.AJJP01000053_gene1829,AJJP01000053_gene1829,annotation&nbsp;not&nbsp;available,97.6
1163398.AJJP01000057_gene1988,AJJP01000057_gene1988,annotation&nbsp;not&nbsp;available,97.6
1163398.AJJP01000185_gene64,AJJP01000185_gene64,annotation&nbsp;not&nbsp;available,97.6
1163398.AJJP01000193_gene2200,AJJP01000193_gene2200,annotation&nbsp;not&nbsp;available,97.6
1163398.AJJP01000018_gene1233,AJJP01000018_gene1233,annotation&nbsp;not&nbsp;available,97.6
1163398.AJJP01000040_gene2297,AJJP01000040_gene2297,annotation&nbsp;not&nbsp;available,97.5
1163398.AJJP01000108_gene613,AJJP01000108_gene613,annotation&nbsp;not&nbsp;available,97.5
1163398.AJJP01000008_gene4126,AJJP01000008_gene4126,annotation&nbsp;not&nbsp;available,97.5
1163398.AJJP01000104_gene1469,AJJP01000104_gene1469,annotation&nbsp;not&nbsp;available,97.5
1163398.AJJP01000014_gene3701,AJJP01000014_gene3701,annotation&nbsp;not&nbsp;available,97.5
1163398.AJJP01000018_gene1242,AJJP01000018_gene1242,annotation&nbsp;not&nbsp;available,97.4
1163398.AJJP01000008_gene4168,AJJP01000008_gene4168,annotation&nbsp;not&nbsp;available,97.4
1163398.AJJP01000026_gene1288,AJJP01000026_gene1288,annotation&nbsp;not&nbsp;available,97.4
1163398.AJJP01000093_gene4090,AJJP01000093_gene4090,annotation&nbsp;not&nbsp;available,97.4
1163398.AJJP01000072_gene2684,AJJP01000072_gene2684,annotation&nbsp;not&nbsp;available,97.4
1163398.AJJP01000123_gene4850,AJJP01000123_gene4850,annotation&nbsp;not&nbsp;available,97.4
1163398.AJJP01000167_gene1701,AJJP01000167_gene1701,annotation&nbsp;not&nbsp;available,97.4
1163398.AJJP01000079_gene4205,AJJP01000079_gene4205,annotation&nbsp;not&nbsp;available,97.4
1163398.AJJP01000185_gene78,AJJP01000185_gene78,annotation&nbsp;not&nbsp;available,97.3
1163398.AJJP01000193_gene2222,AJJP01000193_gene2222,annotation&nbsp;not&nbsp;available,97.3
1163398.AJJP01000003_gene3282,AJJP01000003_gene3282,annotation&nbsp;not&nbsp;available,97.3
1163398.AJJP01000012_gene603,AJJP01000012_gene603,annotation&nbsp;not&nbsp;available,97.3
1163398.AJJP01000070_gene2618,AJJP01000070_gene2618,annotation&nbsp;not&nbsp;available,97.3
1163398.AJJP01000110_gene731,AJJP01000110_gene731,annotation&nbsp;not&nbsp;available,97.2
1163398.AJJP01000098_gene1545,AJJP01000098_gene1545,annotation&nbsp;not&nbsp;available,97.2
1163398.AJJP01000123_gene4863,AJJP01000123_gene4863,annotation&nbsp;not&nbsp;available,97.2
1163398.AJJP01000130_gene4444,AJJP01000130_gene4444,annotation&nbsp;not&nbsp;available,97.2
1163398.AJJP01000160_gene1651,AJJP01000160_gene1651,annotation&nbsp;not&nbsp;available,97.2
1163398.AJJP01000185_gene48,AJJP01000185_gene48,annotation&nbsp;not&nbsp;available,97.1
1163398.AJJP01000017_gene3990,AJJP01000017_gene3990,annotation&nbsp;not&nbsp;available,97.1
1163398.AJJP01000156_gene2820,AJJP01000156_gene2820,annotation&nbsp;not&nbsp;available,97.1
1163398.AJJP01000155_gene2759,AJJP01000155_gene2759,annotation&nbsp;not&nbsp;available,97.1
1163398.AJJP01000124_gene4704,AJJP01000124_gene4704,annotation&nbsp;not&nbsp;available,97.1
1163398.AJJP01000074_gene2495,AJJP01000074_gene2495,annotation&nbsp;not&nbsp;available,97.1
1163398.AJJP01000157_gene2868,AJJP01000157_gene2868,annotation&nbsp;not&nbsp;available,97.1
1163398.AJJP01000005_gene3394,AJJP01000005_gene3394,annotation&nbsp;not&nbsp;available,97.0
1163398.AJJP01000123_gene4867,AJJP01000123_gene4867,annotation&nbsp;not&nbsp;available,97.0
1163398.AJJP01000012_gene562,AJJP01000012_gene562,annotation&nbsp;not&nbsp;available,97.0
1163398.AJJP01000114_gene841,AJJP01000114_gene841,annotation&nbsp;not&nbsp;available,97.0
1163398.AJJP01000008_gene4134,AJJP01000008_gene4134,annotation&nbsp;not&nbsp;available,97.0
1163398.AJJP01000072_gene2681,AJJP01000072_gene2681,annotation&nbsp;not&nbsp;available,97.0
1163398.AJJP01000022_gene1358,AJJP01000022_gene1358,annotation&nbsp;not&nbsp;available,97.0
1163398.AJJP01000141_gene3441,AJJP01000141_gene3441,annotation&nbsp;not&nbsp;available,97.0
1163398.AJJP01000192_gene4301,AJJP01000192_gene4301,annotation&nbsp;not&nbsp;available,96.9
1163398.AJJP01000035_gene343,AJJP01000035_gene343,annotation&nbsp;not&nbsp;available,96.9
1163398.AJJP01000174_gene1079,AJJP01000174_gene1079,annotation&nbsp;not&nbsp;available,96.9
1163398.AJJP01000035_gene379,AJJP01000035_gene379,annotation&nbsp;not&nbsp;available,96.9
1163398.AJJP01000207_gene3579,AJJP01000207_gene3579,annotation&nbsp;not&nbsp;available,96.9
1163398.AJJP01000093_gene4093,AJJP01000093_gene4093,annotation&nbsp;not&nbsp;available,96.9
1163398.AJJP01000035_gene369,AJJP01000035_gene369,annotation&nbsp;not&nbsp;available,96.8
1163398.AJJP01000204_gene3554,AJJP01000204_gene3554,annotation&nbsp;not&nbsp;available,96.8
1163398.AJJP01000197_gene4424,AJJP01000197_gene4424,annotation&nbsp;not&nbsp;available,96.8
1163398.AJJP01000034_gene317,AJJP01000034_gene317,annotation&nbsp;not&nbsp;available,96.8
1163398.AJJP01000152_gene2981,AJJP01000152_gene2981,annotation&nbsp;not&nbsp;available,96.8
1163398.AJJP01000021_gene1375,AJJP01000021_gene1375,annotation&nbsp;not&nbsp;available,96.8
1163398.AJJP01000005_gene3398,AJJP01000005_gene3398,annotation&nbsp;not&nbsp;available,96.7
1163398.AJJP01000017_gene3979,AJJP01000017_gene3979,annotation&nbsp;not&nbsp;available,96.7
1163398.AJJP01000197_gene4412,AJJP01000197_gene4412,annotation&nbsp;not&nbsp;available,96.7
1163398.AJJP01000033_gene302,AJJP01000033_gene302,annotation&nbsp;not&nbsp;available,96.7
1163398.AJJP01000063_gene3134,AJJP01000063_gene3134,annotation&nbsp;not&nbsp;available,96.7
1163398.AJJP01000142_gene3416,AJJP01000142_gene3416,annotation&nbsp;not&nbsp;available,96.7
1163398.AJJP01000155_gene2732,AJJP01000155_gene2732,annotation&nbsp;not&nbsp;available,96.6
1163398.AJJP01000137_gene515,AJJP01000137_gene515,annotation&nbsp;not&nbsp;available,96.6
1163398.AJJP01000004_gene3356,AJJP01000004_gene3356,annotation&nbsp;not&nbsp;available,96.6
1163398.AJJP01000018_gene1246,AJJP01000018_gene1246,annotation&nbsp;not&nbsp;available,96.6
1163398.AJJP01000049_gene2158,AJJP01000049_gene2158,annotation&nbsp;not&nbsp;available,96.6
1163398.AJJP01000124_gene4679,AJJP01000124_gene4679,annotation&nbsp;not&nbsp;available,96.6
1163398.AJJP01000072_gene2683,AJJP01000072_gene2683,annotation&nbsp;not&nbsp;available,96.6
1163398.AJJP01000200_gene3613,AJJP01000200_gene3613,annotation&nbsp;not&nbsp;available,96.6
1163398.AJJP01000189_gene4241,AJJP01000189_gene4241,annotation&nbsp;not&nbsp;available,96.5
1163398.AJJP01000152_gene2966,AJJP01000152_gene2966,annotation&nbsp;not&nbsp;available,96.5
1163398.AJJP01000074_gene2526,AJJP01000074_gene2526,annotation&nbsp;not&nbsp;available,96.5
1163398.AJJP01000036_gene428,AJJP01000036_gene428,annotation&nbsp;not&nbsp;available,96.5
1163398.AJJP01000092_gene4065,AJJP01000092_gene4065,annotation&nbsp;not&nbsp;available,96.5
1163398.AJJP01000003_gene3298,AJJP01000003_gene3298,annotation&nbsp;not&nbsp;available,96.5
1163398.AJJP01000014_gene3698,AJJP01000014_gene3698,annotation&nbsp;not&nbsp;available,96.5
1163398.AJJP01000111_gene784,AJJP01000111_gene784,annotation&nbsp;not&nbsp;available,96.4
1163398.AJJP01000124_gene4706,AJJP01000124_gene4706,annotation&nbsp;not&nbsp;available,96.4
1163398.AJJP01000127_gene4727,AJJP01000127_gene4727,annotation&nbsp;not&nbsp;available,96.4
1163398.AJJP01000167_gene1703,AJJP01000167_gene1703,annotation&nbsp;not&nbsp;available,96.3
1163398.AJJP01000018_gene1232,AJJP01000018_gene1232,annotation&nbsp;not&nbsp;available,96.3
1163398.AJJP01000110_gene724,AJJP01000110_gene724,annotation&nbsp;not&nbsp;available,96.3
1163398.AJJP01000013_gene538,AJJP01000013_gene538,annotation&nbsp;not&nbsp;available,96.3
1163398.AJJP01000109_gene705,AJJP01000109_gene705,annotation&nbsp;not&nbsp;available,96.2
1163398.AJJP01000195_gene4394,AJJP01000195_gene4394,annotation&nbsp;not&nbsp;available,96.2
1163398.AJJP01000151_gene2951,AJJP01000151_gene2951,annotation&nbsp;not&nbsp;available,96.2
1163398.AJJP01000022_gene1347,AJJP01000022_gene1347,annotation&nbsp;not&nbsp;available,96.2
1163398.AJJP01000164_gene1679,AJJP01000164_gene1679,annotation&nbsp;not&nbsp;available,96.2
1163398.AJJP01000005_gene3374,AJJP01000005_gene3374,annotation&nbsp;not&nbsp;available,96.2
1163398.AJJP01000054_gene2067,AJJP01000054_gene2067,annotation&nbsp;not&nbsp;available,96.1
1163398.AJJP01000090_gene3639,AJJP01000090_gene3639,annotation&nbsp;not&nbsp;available,96.1
1163398.AJJP01000104_gene1462,AJJP01000104_gene1462,annotation&nbsp;not&nbsp;available,96.1
1163398.AJJP01000081_gene4955,AJJP01000081_gene4955,annotation&nbsp;not&nbsp;available,96.1
1163398.AJJP01000014_gene3702,AJJP01000014_gene3702,annotation&nbsp;not&nbsp;available,96.1
1163398.AJJP01000062_gene3169,AJJP01000062_gene3169,annotation&nbsp;not&nbsp;available,96.1
1163398.AJJP01000126_gene4765,AJJP01000126_gene4765,annotation&nbsp;not&nbsp;available,96.1
1163398.AJJP01000030_gene230,AJJP01000030_gene230,annotation&nbsp;not&nbsp;available,96.1
1163398.AJJP01000043_gene2315,AJJP01000043_gene2315,annotation&nbsp;not&nbsp;available,96.1
1163398.AJJP01000101_gene1508,AJJP01000101_gene1508,annotation&nbsp;not&nbsp;available,96.1
1163398.AJJP01000032_gene274,AJJP01000032_gene274,annotation&nbsp;not&nbsp;available,96.0
1163398.AJJP01000152_gene2961,AJJP01000152_gene2961,annotation&nbsp;not&nbsp;available,96.0
1163398.AJJP01000055_gene2090,AJJP01000055_gene2090,annotation&nbsp;not&nbsp;available,96.0
1163398.AJJP01000008_gene4154,AJJP01000008_gene4154,annotation&nbsp;not&nbsp;available,96.0
1163398.AJJP01000014_gene3690,AJJP01000014_gene3690,annotation&nbsp;not&nbsp;available,96.0
1163398.AJJP01000214_gene3055,AJJP01000214_gene3055,annotation&nbsp;not&nbsp;available,95.9
1163398.AJJP01000059_gene3107,AJJP01000059_gene3107,annotation&nbsp;not&nbsp;available,95.9
1163398.AJJP01000152_gene2974,AJJP01000152_gene2974,annotation&nbsp;not&nbsp;available,95.9
1163398.AJJP01000184_gene123,AJJP01000184_gene123,annotation&nbsp;not&nbsp;available,95.9
1163398.AJJP01000173_gene971,AJJP01000173_gene971,annotation&nbsp;not&nbsp;available,95.9
1163398.AJJP01000184_gene91,AJJP01000184_gene91,annotation&nbsp;not&nbsp;available,95.8
1163398.AJJP01000057_gene2025,AJJP01000057_gene2025,annotation&nbsp;not&nbsp;available,95.8
1163398.AJJP01000070_gene2600,AJJP01000070_gene2600,annotation&nbsp;not&nbsp;available,95.8
1163398.AJJP01000167_gene1707,AJJP01000167_gene1707,annotation&nbsp;not&nbsp;available,95.8
1163398.AJJP01000149_gene2713,AJJP01000149_gene2713,annotation&nbsp;not&nbsp;available,95.8
1163398.AJJP01000109_gene681,AJJP01000109_gene681,annotation&nbsp;not&nbsp;available,95.8
1163398.AJJP01000155_gene2739,AJJP01000155_gene2739,annotation&nbsp;not&nbsp;available,95.8
1163398.AJJP01000155_gene2773,AJJP01000155_gene2773,annotation&nbsp;not&nbsp;available,95.7
1163398.AJJP01000056_gene1953,AJJP01000056_gene1953,annotation&nbsp;not&nbsp;available,95.7
1163398.AJJP01000153_gene2995,AJJP01000153_gene2995,annotation&nbsp;not&nbsp;available,95.7
1163398.AJJP01000070_gene2596,AJJP01000070_gene2596,annotation&nbsp;not&nbsp;available,95.6
1163398.AJJP01000015_gene1788,AJJP01000015_gene1788,annotation&nbsp;not&nbsp;available,95.6
1163398.AJJP01000154_gene2728,AJJP01000154_gene2728,annotation&nbsp;not&nbsp;available,95.6
1163398.AJJP01000050_gene1851,AJJP01000050_gene1851,annotation&nbsp;not&nbsp;available,95.6
1163398.AJJP01000179_gene187,AJJP01000179_gene187,annotation&nbsp;not&nbsp;available,95.5
1163398.AJJP01000079_gene4192,AJJP01000079_gene4192,annotation&nbsp;not&nbsp;available,95.5
1163398.AJJP01000026_gene1281,AJJP01000026_gene1281,annotation&nbsp;not&nbsp;available,95.5
1163398.AJJP01000060_gene3205,AJJP01000060_gene3205,annotation&nbsp;not&nbsp;available,95.5
1163398.AJJP01000060_gene3206,AJJP01000060_gene3206,annotation&nbsp;not&nbsp;available,95.5
1163398.AJJP01000197_gene4426,AJJP01000197_gene4426,annotation&nbsp;not&nbsp;available,95.5
1163398.AJJP01000012_gene585,AJJP01000012_gene585,annotation&nbsp;not&nbsp;available,95.5
1163398.AJJP01000153_gene2991,AJJP01000153_gene2991,annotation&nbsp;not&nbsp;available,95.5
1163398.AJJP01000119_gene4469,AJJP01000119_gene4469,annotation&nbsp;not&nbsp;available,95.5
1163398.AJJP01000095_gene4059,AJJP01000095_gene4059,annotation&nbsp;not&nbsp;available,95.5
1163398.AJJP01000184_gene111,AJJP01000184_gene111,annotation&nbsp;not&nbsp;available,95.5
1163398.AJJP01000014_gene3703,AJJP01000014_gene3703,annotation&nbsp;not&nbsp;available,95.4
1163398.AJJP01000167_gene1688,AJJP01000167_gene1688,annotation&nbsp;not&nbsp;available,95.4
1163398.AJJP01000017_gene3974,AJJP01000017_gene3974,annotation&nbsp;not&nbsp;available,95.4
1163398.AJJP01000119_gene4465,AJJP01000119_gene4465,annotation&nbsp;not&nbsp;available,95.4
1163398.AJJP01000077_gene2594,AJJP01000077_gene2594,annotation&nbsp;not&nbsp;available,95.4
1163398.AJJP01000054_gene2064,AJJP01000054_gene2064,annotation&nbsp;not&nbsp;available,95.4
1163398.AJJP01000087_gene4931,AJJP01000087_gene4931,annotation&nbsp;not&nbsp;available,95.3
1163398.AJJP01000032_gene275,AJJP01000032_gene275,annotation&nbsp;not&nbsp;available,95.3
1163398.AJJP01000193_gene2193,AJJP01000193_gene2193,annotation&nbsp;not&nbsp;available,95.3
1163398.AJJP01000019_gene1213,AJJP01000019_gene1213,annotation&nbsp;not&nbsp;available,95.3
1163398.AJJP01000061_gene3184,AJJP01000061_gene3184,annotation&nbsp;not&nbsp;available,95.3
1163398.AJJP01000033_gene295,AJJP01000033_gene295,annotation&nbsp;not&nbsp;available,95.2
1163398.AJJP01000211_gene3080,AJJP01000211_gene3080,annotation&nbsp;not&nbsp;available,95.2
1163398.AJJP01000072_gene2680,AJJP01000072_gene2680,annotation&nbsp;not&nbsp;available,95.2
1163398.AJJP01000026_gene1290,AJJP01000026_gene1290,annotation&nbsp;not&nbsp;available,95.1
1163398.AJJP01000130_gene4457,AJJP01000130_gene4457,annotation&nbsp;not&nbsp;available,95.1
1163398.AJJP01000134_gene3822,AJJP01000134_gene3822,annotation&nbsp;not&nbsp;available,95.1
1163398.AJJP01000043_gene2330,AJJP01000043_gene2330,annotation&nbsp;not&nbsp;available,95.1
1163398.AJJP01000055_gene2088,AJJP01000055_gene2088,annotation&nbsp;not&nbsp;available,95.1
1163398.AJJP01000184_gene135,AJJP01000184_gene135,annotation&nbsp;not&nbsp;available,95.1
1163398.AJJP01000011_gene4534,AJJP01000011_gene4534,annotation&nbsp;not&nbsp;available,95.1
1163398.AJJP01000079_gene4194,AJJP01000079_gene4194,annotation&nbsp;not&nbsp;available,95.1
1163398.AJJP01000146_gene3492,AJJP01000146_gene3492,annotation&nbsp;not&nbsp;available,95.1
1163398.AJJP01000044_gene2358,AJJP01000044_gene2358,annotation&nbsp;not&nbsp;available,95.0
1163398.AJJP01000091_gene1550,AJJP01000091_gene1550,annotation&nbsp;not&nbsp;available,95.0
1163398.AJJP01000090_gene3658,AJJP01000090_gene3658,annotation&nbsp;not&nbsp;available,95.0
1163398.AJJP01000149_gene2712,AJJP01000149_gene2712,annotation&nbsp;not&nbsp;available,94.9
1163398.AJJP01000137_gene464,AJJP01000137_gene464,annotation&nbsp;not&nbsp;available,94.9
1163398.AJJP01000050_gene1884,AJJP01000050_gene1884,annotation&nbsp;not&nbsp;available,94.9
1163398.AJJP01000071_gene2636,AJJP01000071_gene2636,annotation&nbsp;not&nbsp;available,94.9
1163398.AJJP01000093_gene4091,AJJP01000093_gene4091,annotation&nbsp;not&nbsp;available,94.8
1163398.AJJP01000109_gene709,AJJP01000109_gene709,annotation&nbsp;not&nbsp;available,94.8
1163398.AJJP01000074_gene2484,AJJP01000074_gene2484,annotation&nbsp;not&nbsp;available,94.8
1163398.AJJP01000124_gene4690,AJJP01000124_gene4690,annotation&nbsp;not&nbsp;available,94.8
1163398.AJJP01000155_gene2786,AJJP01000155_gene2786,annotation&nbsp;not&nbsp;available,94.8
1163398.AJJP01000069_gene2426,AJJP01000069_gene2426,annotation&nbsp;not&nbsp;available,94.8
1163398.AJJP01000169_gene1166,AJJP01000169_gene1166,annotation&nbsp;not&nbsp;available,94.8
1163398.AJJP01000035_gene370,AJJP01000035_gene370,annotation&nbsp;not&nbsp;available,94.7
1163398.AJJP01000179_gene197,AJJP01000179_gene197,annotation&nbsp;not&nbsp;available,94.7
1163398.AJJP01000032_gene283,AJJP01000032_gene283,annotation&nbsp;not&nbsp;available,94.7
1163398.AJJP01000074_gene2485,AJJP01000074_gene2485,annotation&nbsp;not&nbsp;available,94.7
1163398.AJJP01000109_gene638,AJJP01000109_gene638,annotation&nbsp;not&nbsp;available,94.7
1163398.AJJP01000124_gene4695,AJJP01000124_gene4695,annotation&nbsp;not&nbsp;available,94.7
1163398.AJJP01000110_gene728,AJJP01000110_gene728,annotation&nbsp;not&nbsp;available,94.7
1163398.AJJP01000024_gene1326,AJJP01000024_gene1326,annotation&nbsp;not&nbsp;available,94.7
1163398.AJJP01000111_gene769,AJJP01000111_gene769,annotation&nbsp;not&nbsp;available,94.6
1163398.AJJP01000086_gene4943,AJJP01000086_gene4943,annotation&nbsp;not&nbsp;available,94.6
1163398.AJJP01000056_gene1957,AJJP01000056_gene1957,annotation&nbsp;not&nbsp;available,94.6
1163398.AJJP01000001_gene3333,AJJP01000001_gene3333,annotation&nbsp;not&nbsp;available,94.5
1163398.AJJP01000137_gene476,AJJP01000137_gene476,annotation&nbsp;not&nbsp;available,94.5
1163398.AJJP01000070_gene2598,AJJP01000070_gene2598,annotation&nbsp;not&nbsp;available,94.5
1163398.AJJP01000071_gene2642,AJJP01000071_gene2642,annotation&nbsp;not&nbsp;available,94.5
1163398.AJJP01000104_gene1463,AJJP01000104_gene1463,annotation&nbsp;not&nbsp;available,94.5
1163398.AJJP01000195_gene4388,AJJP01000195_gene4388,annotation&nbsp;not&nbsp;available,94.5
1163398.AJJP01000157_gene2879,AJJP01000157_gene2879,annotation&nbsp;not&nbsp;available,94.5
1163398.AJJP01000079_gene4209,AJJP01000079_gene4209,annotation&nbsp;not&nbsp;available,94.4
1163398.AJJP01000006_gene2102,AJJP01000006_gene2102,annotation&nbsp;not&nbsp;available,94.4
1163398.AJJP01000106_gene1430,AJJP01000106_gene1430,annotation&nbsp;not&nbsp;available,94.4
1163398.AJJP01000078_gene4497,AJJP01000078_gene4497,annotation&nbsp;not&nbsp;available,94.4
1163398.AJJP01000050_gene1893,AJJP01000050_gene1893,annotation&nbsp;not&nbsp;available,94.4
1163398.AJJP01000083_gene4999,AJJP01000083_gene4999,annotation&nbsp;not&nbsp;available,94.4
1163398.AJJP01000096_gene2239,AJJP01000096_gene2239,annotation&nbsp;not&nbsp;available,94.4
1163398.AJJP01000032_gene286,AJJP01000032_gene286,annotation&nbsp;not&nbsp;available,94.4
1163398.AJJP01000018_gene1220,AJJP01000018_gene1220,annotation&nbsp;not&nbsp;available,94.4
1163398.AJJP01000187_gene7,AJJP01000187_gene7,annotation&nbsp;not&nbsp;available,94.4
1163398.AJJP01000083_gene4978,AJJP01000083_gene4978,annotation&nbsp;not&nbsp;available,94.3
1163398.AJJP01000102_gene1502,AJJP01000102_gene1502,annotation&nbsp;not&nbsp;available,94.3
1163398.AJJP01000137_gene451,AJJP01000137_gene451,annotation&nbsp;not&nbsp;available,94.3
1163398.AJJP01000056_gene1943,AJJP01000056_gene1943,annotation&nbsp;not&nbsp;available,94.3
1163398.AJJP01000112_gene818,AJJP01000112_gene818,annotation&nbsp;not&nbsp;available,94.3
1163398.AJJP01000213_gene3070,AJJP01000213_gene3070,annotation&nbsp;not&nbsp;available,94.2
1163398.AJJP01000107_gene1411,AJJP01000107_gene1411,annotation&nbsp;not&nbsp;available,94.2
1163398.AJJP01000170_gene986,AJJP01000170_gene986,annotation&nbsp;not&nbsp;available,94.2
1163398.AJJP01000056_gene1963,AJJP01000056_gene1963,annotation&nbsp;not&nbsp;available,94.2
1163398.AJJP01000110_gene732,AJJP01000110_gene732,annotation&nbsp;not&nbsp;available,94.2
1163398.AJJP01000108_gene626,AJJP01000108_gene626,annotation&nbsp;not&nbsp;available,94.2
1163398.AJJP01000156_gene2828,AJJP01000156_gene2828,annotation&nbsp;not&nbsp;available,94.2
1163398.AJJP01000082_gene5024,AJJP01000082_gene5024,annotation&nbsp;not&nbsp;available,94.2
1163398.AJJP01000134_gene3915,AJJP01000134_gene3915,annotation&nbsp;not&nbsp;available,94.2
1163398.AJJP01000116_gene888,AJJP01000116_gene888,annotation&nbsp;not&nbsp;available,94.2
1163398.AJJP01000189_gene4255,AJJP01000189_gene4255,annotation&nbsp;not&nbsp;available,94.1
1163398.AJJP01000106_gene1424,AJJP01000106_gene1424,annotation&nbsp;not&nbsp;available,94.1
1163398.AJJP01000050_gene1863,AJJP01000050_gene1863,annotation&nbsp;not&nbsp;available,94.1
1163398.AJJP01000155_gene2750,AJJP01000155_gene2750,annotation&nbsp;not&nbsp;available,94.1
1163398.AJJP01000050_gene1869,AJJP01000050_gene1869,annotation&nbsp;not&nbsp;available,94.1
1163398.AJJP01000018_gene1237,AJJP01000018_gene1237,annotation&nbsp;not&nbsp;available,94.1
1163398.AJJP01000011_gene4521,AJJP01000011_gene4521,annotation&nbsp;not&nbsp;available,94.0
1163398.AJJP01000203_gene3619,AJJP01000203_gene3619,annotation&nbsp;not&nbsp;available,94.0
1163398.AJJP01000047_gene2387,AJJP01000047_gene2387,annotation&nbsp;not&nbsp;available,94.0
1163398.AJJP01000050_gene1913,AJJP01000050_gene1913,annotation&nbsp;not&nbsp;available,94.0
1163398.AJJP01000021_gene1382,AJJP01000021_gene1382,annotation&nbsp;not&nbsp;available,93.9
1163398.AJJP01000115_gene866,AJJP01000115_gene866,annotation&nbsp;not&nbsp;available,93.9
1163398.AJJP01000109_gene654,AJJP01000109_gene654,annotation&nbsp;not&nbsp;available,93.9
1163398.AJJP01000038_gene4654,AJJP01000038_gene4654,annotation&nbsp;not&nbsp;available,93.9
1163398.AJJP01000047_gene2372,AJJP01000047_gene2372,annotation&nbsp;not&nbsp;available,93.9
1163398.AJJP01000141_gene3438,AJJP01000141_gene3438,annotation&nbsp;not&nbsp;available,93.9
1163398.AJJP01000030_gene242,AJJP01000030_gene242,annotation&nbsp;not&nbsp;available,93.9
1163398.AJJP01000006_gene2108,AJJP01000006_gene2108,annotation&nbsp;not&nbsp;available,93.9
1163398.AJJP01000152_gene2983,AJJP01000152_gene2983,annotation&nbsp;not&nbsp;available,93.9
1163398.AJJP01000131_gene4010,AJJP01000131_gene4010,annotation&nbsp;not&nbsp;available,93.9
1163398.AJJP01000192_gene4298,AJJP01000192_gene4298,annotation&nbsp;not&nbsp;available,93.9
1163398.AJJP01000137_gene460,AJJP01000137_gene460,annotation&nbsp;not&nbsp;available,93.9
1163398.AJJP01000186_gene31,AJJP01000186_gene31,annotation&nbsp;not&nbsp;available,93.9
1163398.AJJP01000156_gene2799,AJJP01000156_gene2799,annotation&nbsp;not&nbsp;available,93.8
1163398.AJJP01000074_gene2542,AJJP01000074_gene2542,annotation&nbsp;not&nbsp;available,93.8
1163398.AJJP01000082_gene5003,AJJP01000082_gene5003,annotation&nbsp;not&nbsp;available,93.8
1163398.AJJP01000078_gene4493,AJJP01000078_gene4493,annotation&nbsp;not&nbsp;available,93.8
1163398.AJJP01000012_gene602,AJJP01000012_gene602,annotation&nbsp;not&nbsp;available,93.8
1163398.AJJP01000119_gene4474,AJJP01000119_gene4474,annotation&nbsp;not&nbsp;available,93.8
1163398.AJJP01000050_gene1880,AJJP01000050_gene1880,annotation&nbsp;not&nbsp;available,93.7
1163398.AJJP01000134_gene3920,AJJP01000134_gene3920,annotation&nbsp;not&nbsp;available,93.7
1163398.AJJP01000125_gene4658,AJJP01000125_gene4658,annotation&nbsp;not&nbsp;available,93.7
1163398.AJJP01000014_gene3736,AJJP01000014_gene3736,annotation&nbsp;not&nbsp;available,93.7
1163398.AJJP01000185_gene50,AJJP01000185_gene50,annotation&nbsp;not&nbsp;available,93.7
1163398.AJJP01000011_gene4552,AJJP01000011_gene4552,annotation&nbsp;not&nbsp;available,93.7
1163398.AJJP01000174_gene1096,AJJP01000174_gene1096,annotation&nbsp;not&nbsp;available,93.7
1163398.AJJP01000063_gene3123,AJJP01000063_gene3123,annotation&nbsp;not&nbsp;available,93.6
1163398.AJJP01000011_gene4595,AJJP01000011_gene4595,annotation&nbsp;not&nbsp;available,93.6
1163398.AJJP01000074_gene2519,AJJP01000074_gene2519,annotation&nbsp;not&nbsp;available,93.6
1163398.AJJP01000116_gene876,AJJP01000116_gene876,annotation&nbsp;not&nbsp;available,93.6
1163398.AJJP01000199_gene3510,AJJP01000199_gene3510,annotation&nbsp;not&nbsp;available,93.5
1163398.AJJP01000107_gene1414,AJJP01000107_gene1414,annotation&nbsp;not&nbsp;available,93.5
1163398.AJJP01000157_gene2877,AJJP01000157_gene2877,annotation&nbsp;not&nbsp;available,93.5
1163398.AJJP01000072_gene2676,AJJP01000072_gene2676,annotation&nbsp;not&nbsp;available,93.5
1163398.AJJP01000127_gene4733,AJJP01000127_gene4733,annotation&nbsp;not&nbsp;available,93.4
1163398.AJJP01000134_gene3917,AJJP01000134_gene3917,annotation&nbsp;not&nbsp;available,93.4
1163398.AJJP01000011_gene4547,AJJP01000011_gene4547,annotation&nbsp;not&nbsp;available,93.3
1163398.AJJP01000054_gene2063,AJJP01000054_gene2063,annotation&nbsp;not&nbsp;available,93.3
1163398.AJJP01000137_gene511,AJJP01000137_gene511,annotation&nbsp;not&nbsp;available,93.3
1163398.AJJP01000034_gene318,AJJP01000034_gene318,annotation&nbsp;not&nbsp;available,93.3
1163398.AJJP01000101_gene1507,AJJP01000101_gene1507,annotation&nbsp;not&nbsp;available,93.2
1163398.AJJP01000155_gene2736,AJJP01000155_gene2736,annotation&nbsp;not&nbsp;available,93.2
1163398.AJJP01000103_gene1490,AJJP01000103_gene1490,annotation&nbsp;not&nbsp;available,93.2
1163398.AJJP01000138_gene2174,AJJP01000138_gene2174,annotation&nbsp;not&nbsp;available,93.2
1163398.AJJP01000170_gene981,AJJP01000170_gene981,annotation&nbsp;not&nbsp;available,93.2
1163398.AJJP01000123_gene4838,AJJP01000123_gene4838,annotation&nbsp;not&nbsp;available,93.2
1163398.AJJP01000191_gene4282,AJJP01000191_gene4282,annotation&nbsp;not&nbsp;available,93.2
1163398.AJJP01000195_gene4389,AJJP01000195_gene4389,annotation&nbsp;not&nbsp;available,93.1
1163398.AJJP01000185_gene51,AJJP01000185_gene51,annotation&nbsp;not&nbsp;available,93.1
1163398.AJJP01000150_gene2900,AJJP01000150_gene2900,annotation&nbsp;not&nbsp;available,93.1
1163398.AJJP01000107_gene1417,AJJP01000107_gene1417,annotation&nbsp;not&nbsp;available,93.1
1163398.AJJP01000043_gene2333,AJJP01000043_gene2333,annotation&nbsp;not&nbsp;available,93.1
1163398.AJJP01000109_gene710,AJJP01000109_gene710,annotation&nbsp;not&nbsp;available,93.0
1163398.AJJP01000008_gene4157,AJJP01000008_gene4157,annotation&nbsp;not&nbsp;available,93.0
1163398.AJJP01000077_gene2589,AJJP01000077_gene2589,annotation&nbsp;not&nbsp;available,93.0
1163398.AJJP01000012_gene559,AJJP01000012_gene559,annotation&nbsp;not&nbsp;available,93.0
1163398.AJJP01000167_gene1733,AJJP01000167_gene1733,annotation&nbsp;not&nbsp;available,93.0
1163398.AJJP01000128_gene4013,AJJP01000128_gene4013,annotation&nbsp;not&nbsp;available,93.0
1163398.AJJP01000205_gene3546,AJJP01000205_gene3546,annotation&nbsp;not&nbsp;available,93.0
1163398.AJJP01000018_gene1251,AJJP01000018_gene1251,annotation&nbsp;not&nbsp;available,93.0
1163398.AJJP01000160_gene1645,AJJP01000160_gene1645,annotation&nbsp;not&nbsp;available,92.9
1163398.AJJP01000174_gene1093,AJJP01000174_gene1093,annotation&nbsp;not&nbsp;available,92.9
1163398.AJJP01000111_gene777,AJJP01000111_gene777,annotation&nbsp;not&nbsp;available,92.9
1163398.AJJP01000134_gene3866,AJJP01000134_gene3866,annotation&nbsp;not&nbsp;available,92.9
1163398.AJJP01000036_gene402,AJJP01000036_gene402,annotation&nbsp;not&nbsp;available,92.9
1163398.AJJP01000038_gene4645,AJJP01000038_gene4645,annotation&nbsp;not&nbsp;available,92.9
1163398.AJJP01000116_gene875,AJJP01000116_gene875,annotation&nbsp;not&nbsp;available,92.8
1163398.AJJP01000088_gene3777,AJJP01000088_gene3777,annotation&nbsp;not&nbsp;available,92.8
1163398.AJJP01000169_gene1154,AJJP01000169_gene1154,annotation&nbsp;not&nbsp;available,92.8
1163398.AJJP01000137_gene490,AJJP01000137_gene490,annotation&nbsp;not&nbsp;available,92.7
1163398.AJJP01000104_gene1464,AJJP01000104_gene1464,annotation&nbsp;not&nbsp;available,92.7
1163398.AJJP01000018_gene1239,AJJP01000018_gene1239,annotation&nbsp;not&nbsp;available,92.7
1163398.AJJP01000035_gene366,AJJP01000035_gene366,annotation&nbsp;not&nbsp;available,92.7
1163398.AJJP01000122_gene4869,AJJP01000122_gene4869,annotation&nbsp;not&nbsp;available,92.7
1163398.AJJP01000074_gene2487,AJJP01000074_gene2487,annotation&nbsp;not&nbsp;available,92.7
1163398.AJJP01000148_gene2692,AJJP01000148_gene2692,annotation&nbsp;not&nbsp;available,92.6
1163398.AJJP01000041_gene2273,AJJP01000041_gene2273,annotation&nbsp;not&nbsp;available,92.6
1163398.AJJP01000062_gene3162,AJJP01000062_gene3162,annotation&nbsp;not&nbsp;available,92.6
1163398.AJJP01000005_gene3393,AJJP01000005_gene3393,annotation&nbsp;not&nbsp;available,92.6
1163398.AJJP01000109_gene706,AJJP01000109_gene706,annotation&nbsp;not&nbsp;available,92.6
1163398.AJJP01000110_gene735,AJJP01000110_gene735,annotation&nbsp;not&nbsp;available,92.5
1163398.AJJP01000048_gene2145,AJJP01000048_gene2145,annotation&nbsp;not&nbsp;available,92.5
1163398.AJJP01000140_gene3449,AJJP01000140_gene3449,annotation&nbsp;not&nbsp;available,92.5
1163398.AJJP01000076_gene2566,AJJP01000076_gene2566,annotation&nbsp;not&nbsp;available,92.5
1163398.AJJP01000155_gene2755,AJJP01000155_gene2755,annotation&nbsp;not&nbsp;available,92.5
1163398.AJJP01000183_gene157,AJJP01000183_gene157,annotation&nbsp;not&nbsp;available,92.5
1163398.AJJP01000134_gene3898,AJJP01000134_gene3898,annotation&nbsp;not&nbsp;available,92.5
1163398.AJJP01000035_gene380,AJJP01000035_gene380,annotation&nbsp;not&nbsp;available,92.5
1163398.AJJP01000201_gene3597,AJJP01000201_gene3597,annotation&nbsp;not&nbsp;available,92.5
1163398.AJJP01000056_gene1949,AJJP01000056_gene1949,annotation&nbsp;not&nbsp;available,92.4
1163398.AJJP01000197_gene4416,AJJP01000197_gene4416,annotation&nbsp;not&nbsp;available,92.4
1163398.AJJP01000090_gene3656,AJJP01000090_gene3656,annotation&nbsp;not&nbsp;available,92.4
1163398.AJJP01000110_gene750,AJJP01000110_gene750,annotation&nbsp;not&nbsp;available,92.4
1163398.AJJP01000090_gene3648,AJJP01000090_gene3648,annotation&nbsp;not&nbsp;available,92.4
1163398.AJJP01000093_gene4087,AJJP01000093_gene4087,annotation&nbsp;not&nbsp;available,92.4
1163398.AJJP01000070_gene2595,AJJP01000070_gene2595,annotation&nbsp;not&nbsp;available,92.4
1163398.AJJP01000017_gene3997,AJJP01000017_gene3997,annotation&nbsp;not&nbsp;available,92.3
1163398.AJJP01000160_gene1603,AJJP01000160_gene1603,annotation&nbsp;not&nbsp;available,92.3
1163398.AJJP01000137_gene470,AJJP01000137_gene470,annotation&nbsp;not&nbsp;available,92.3
1163398.AJJP01000213_gene3072,AJJP01000213_gene3072,annotation&nbsp;not&nbsp;available,92.3
1163398.AJJP01000074_gene2482,AJJP01000074_gene2482,annotation&nbsp;not&nbsp;available,92.3
1163398.AJJP01000018_gene1221,AJJP01000018_gene1221,annotation&nbsp;not&nbsp;available,92.3
1163398.AJJP01000011_gene4543,AJJP01000011_gene4543,annotation&nbsp;not&nbsp;available,92.2
1163398.AJJP01000169_gene1152,AJJP01000169_gene1152,annotation&nbsp;not&nbsp;available,92.2
1163398.AJJP01000152_gene2963,AJJP01000152_gene2963,annotation&nbsp;not&nbsp;available,92.2
1163398.AJJP01000140_gene3459,AJJP01000140_gene3459,annotation&nbsp;not&nbsp;available,92.2
1163398.AJJP01000134_gene3824,AJJP01000134_gene3824,annotation&nbsp;not&nbsp;available,92.2
1163398.AJJP01000106_gene1427,AJJP01000106_gene1427,annotation&nbsp;not&nbsp;available,92.1
1163398.AJJP01000134_gene3814,AJJP01000134_gene3814,annotation&nbsp;not&nbsp;available,92.1
1163398.AJJP01000109_gene679,AJJP01000109_gene679,annotation&nbsp;not&nbsp;available,92.1
1163398.AJJP01000014_gene3699,AJJP01000014_gene3699,annotation&nbsp;not&nbsp;available,92.1
1163398.AJJP01000050_gene1905,AJJP01000050_gene1905,annotation&nbsp;not&nbsp;available,92.1
1163398.AJJP01000034_gene330,AJJP01000034_gene330,annotation&nbsp;not&nbsp;available,92.1
1163398.AJJP01000008_gene4110,AJJP01000008_gene4110,annotation&nbsp;not&nbsp;available,92.0
1163398.AJJP01000017_gene3983,AJJP01000017_gene3983,annotation&nbsp;not&nbsp;available,92.0
1163398.AJJP01000052_gene1807,AJJP01000052_gene1807,annotation&nbsp;not&nbsp;available,92.0
1163398.AJJP01000116_gene896,AJJP01000116_gene896,annotation&nbsp;not&nbsp;available,92.0
1163398.AJJP01000072_gene2671,AJJP01000072_gene2671,annotation&nbsp;not&nbsp;available,92.0
1163398.AJJP01000057_gene2011,AJJP01000057_gene2011,annotation&nbsp;not&nbsp;available,92.0
1163398.AJJP01000108_gene629,AJJP01000108_gene629,annotation&nbsp;not&nbsp;available,91.9
1163398.AJJP01000074_gene2524,AJJP01000074_gene2524,annotation&nbsp;not&nbsp;available,91.9
1163398.AJJP01000011_gene4569,AJJP01000011_gene4569,annotation&nbsp;not&nbsp;available,91.9
1163398.AJJP01000112_gene817,AJJP01000112_gene817,annotation&nbsp;not&nbsp;available,91.9
1163398.AJJP01000056_gene1977,AJJP01000056_gene1977,annotation&nbsp;not&nbsp;available,91.9
1163398.AJJP01000179_gene201,AJJP01000179_gene201,annotation&nbsp;not&nbsp;available,91.9
1163398.AJJP01000173_gene964,AJJP01000173_gene964,annotation&nbsp;not&nbsp;available,91.8
1163398.AJJP01000184_gene97,AJJP01000184_gene97,annotation&nbsp;not&nbsp;available,91.8
1163398.AJJP01000196_gene4406,AJJP01000196_gene4406,annotation&nbsp;not&nbsp;available,91.8
1163398.AJJP01000184_gene98,AJJP01000184_gene98,annotation&nbsp;not&nbsp;available,91.8
1163398.AJJP01000179_gene189,AJJP01000179_gene189,annotation&nbsp;not&nbsp;available,91.8
1163398.AJJP01000126_gene4749,AJJP01000126_gene4749,annotation&nbsp;not&nbsp;available,91.7
1163398.AJJP01000200_gene3614,AJJP01000200_gene3614,annotation&nbsp;not&nbsp;available,91.7
1163398.AJJP01000116_gene920,AJJP01000116_gene920,annotation&nbsp;not&nbsp;available,91.7
1163398.AJJP01000093_gene4088,AJJP01000093_gene4088,annotation&nbsp;not&nbsp;available,91.7
1163398.AJJP01000127_gene4723,AJJP01000127_gene4723,annotation&nbsp;not&nbsp;available,91.7
1163398.AJJP01000221_gene3757,AJJP01000221_gene3757,annotation&nbsp;not&nbsp;available,91.6
1163398.AJJP01000193_gene2206,AJJP01000193_gene2206,annotation&nbsp;not&nbsp;available,91.6
1163398.AJJP01000057_gene2024,AJJP01000057_gene2024,annotation&nbsp;not&nbsp;available,91.6
1163398.AJJP01000016_gene1107,AJJP01000016_gene1107,annotation&nbsp;not&nbsp;available,91.5
1163398.AJJP01000102_gene1500,AJJP01000102_gene1500,annotation&nbsp;not&nbsp;available,91.5
1163398.AJJP01000188_gene4220,AJJP01000188_gene4220,annotation&nbsp;not&nbsp;available,91.5
1163398.AJJP01000074_gene2478,AJJP01000074_gene2478,annotation&nbsp;not&nbsp;available,91.5
1163398.AJJP01000010_gene3807,AJJP01000010_gene3807,annotation&nbsp;not&nbsp;available,91.5
1163398.AJJP01000026_gene1299,AJJP01000026_gene1299,annotation&nbsp;not&nbsp;available,91.5
1163398.AJJP01000109_gene669,AJJP01000109_gene669,annotation&nbsp;not&nbsp;available,91.5
1163398.AJJP01000169_gene1151,AJJP01000169_gene1151,annotation&nbsp;not&nbsp;available,91.5
1163398.AJJP01000134_gene3883,AJJP01000134_gene3883,annotation&nbsp;not&nbsp;available,91.4
1163398.AJJP01000130_gene4453,AJJP01000130_gene4453,annotation&nbsp;not&nbsp;available,91.4
1163398.AJJP01000031_gene261,AJJP01000031_gene261,annotation&nbsp;not&nbsp;available,91.4
1163398.AJJP01000076_gene2569,AJJP01000076_gene2569,annotation&nbsp;not&nbsp;available,91.4
1163398.AJJP01000019_gene1177,AJJP01000019_gene1177,annotation&nbsp;not&nbsp;available,91.4
1163398.AJJP01000204_gene3562,AJJP01000204_gene3562,annotation&nbsp;not&nbsp;available,91.4
1163398.AJJP01000017_gene3994,AJJP01000017_gene3994,annotation&nbsp;not&nbsp;available,91.3
1163398.AJJP01000189_gene4249,AJJP01000189_gene4249,annotation&nbsp;not&nbsp;available,91.3
1163398.AJJP01000185_gene41,AJJP01000185_gene41,annotation&nbsp;not&nbsp;available,91.3
1163398.AJJP01000170_gene980,AJJP01000170_gene980,annotation&nbsp;not&nbsp;available,91.3
1163398.AJJP01000184_gene93,AJJP01000184_gene93,annotation&nbsp;not&nbsp;available,91.3
1163398.AJJP01000017_gene4004,AJJP01000017_gene4004,annotation&nbsp;not&nbsp;available,91.2
1163398.AJJP01000146_gene3483,AJJP01000146_gene3483,annotation&nbsp;not&nbsp;available,91.2
1163398.AJJP01000036_gene410,AJJP01000036_gene410,annotation&nbsp;not&nbsp;available,91.2
1163398.AJJP01000179_gene212,AJJP01000179_gene212,annotation&nbsp;not&nbsp;available,91.2
1163398.AJJP01000123_gene4837,AJJP01000123_gene4837,annotation&nbsp;not&nbsp;available,91.2
1163398.AJJP01000151_gene2916,AJJP01000151_gene2916,annotation&nbsp;not&nbsp;available,91.1
1163398.AJJP01000063_gene3139,AJJP01000063_gene3139,annotation&nbsp;not&nbsp;available,91.1
1163398.AJJP01000018_gene1266,AJJP01000018_gene1266,annotation&nbsp;not&nbsp;available,91.1
1163398.AJJP01000184_gene109,AJJP01000184_gene109,annotation&nbsp;not&nbsp;available,91.1
1163398.AJJP01000081_gene4959,AJJP01000081_gene4959,annotation&nbsp;not&nbsp;available,91.1
1163398.AJJP01000038_gene4640,AJJP01000038_gene4640,annotation&nbsp;not&nbsp;available,91.0
1163398.AJJP01000005_gene3361,AJJP01000005_gene3361,annotation&nbsp;not&nbsp;available,91.0
1163398.AJJP01000155_gene2752,AJJP01000155_gene2752,annotation&nbsp;not&nbsp;available,91.0
1163398.AJJP01000030_gene249,AJJP01000030_gene249,annotation&nbsp;not&nbsp;available,91.0
1163398.AJJP01000104_gene1465,AJJP01000104_gene1465,annotation&nbsp;not&nbsp;available,90.9
1163398.AJJP01000096_gene2249,AJJP01000096_gene2249,annotation&nbsp;not&nbsp;available,90.9
1163398.AJJP01000006_gene2117,AJJP01000006_gene2117,annotation&nbsp;not&nbsp;available,90.9
1163398.AJJP01000044_gene2360,AJJP01000044_gene2360,annotation&nbsp;not&nbsp;available,90.9
1163398.AJJP01000057_gene2017,AJJP01000057_gene2017,annotation&nbsp;not&nbsp;available,90.9
1163398.AJJP01000187_gene24,AJJP01000187_gene24,annotation&nbsp;not&nbsp;available,90.8
1163398.AJJP01000155_gene2793,AJJP01000155_gene2793,annotation&nbsp;not&nbsp;available,90.8
1163398.AJJP01000074_gene2483,AJJP01000074_gene2483,annotation&nbsp;not&nbsp;available,90.8
1163398.AJJP01000043_gene2312,AJJP01000043_gene2312,annotation&nbsp;not&nbsp;available,90.7
1163398.AJJP01000074_gene2509,AJJP01000074_gene2509,annotation&nbsp;not&nbsp;available,90.7
1163398.AJJP01000157_gene2842,AJJP01000157_gene2842,annotation&nbsp;not&nbsp;available,90.7
1163398.AJJP01000116_gene906,AJJP01000116_gene906,annotation&nbsp;not&nbsp;available,90.7
1163398.AJJP01000043_gene2326,AJJP01000043_gene2326,annotation&nbsp;not&nbsp;available,90.7
1163398.AJJP01000088_gene3779,AJJP01000088_gene3779,annotation&nbsp;not&nbsp;available,90.7
1163398.AJJP01000014_gene3697,AJJP01000014_gene3697,annotation&nbsp;not&nbsp;available,90.6
1163398.AJJP01000021_gene1372,AJJP01000021_gene1372,annotation&nbsp;not&nbsp;available,90.6
1163398.AJJP01000207_gene3565,AJJP01000207_gene3565,annotation&nbsp;not&nbsp;available,90.6
1163398.AJJP01000061_gene3177,AJJP01000061_gene3177,annotation&nbsp;not&nbsp;available,90.6
1163398.AJJP01000195_gene4380,AJJP01000195_gene4380,annotation&nbsp;not&nbsp;available,90.6
1163398.AJJP01000069_gene2434,AJJP01000069_gene2434,annotation&nbsp;not&nbsp;available,90.6
1163398.AJJP01000200_gene3605,AJJP01000200_gene3605,annotation&nbsp;not&nbsp;available,90.6
1163398.AJJP01000183_gene147,AJJP01000183_gene147,annotation&nbsp;not&nbsp;available,90.6
1163398.AJJP01000079_gene4190,AJJP01000079_gene4190,annotation&nbsp;not&nbsp;available,90.5
1163398.AJJP01000037_gene2253,AJJP01000037_gene2253,annotation&nbsp;not&nbsp;available,90.5
1163398.AJJP01000074_gene2516,AJJP01000074_gene2516,annotation&nbsp;not&nbsp;available,90.4
1163398.AJJP01000077_gene2591,AJJP01000077_gene2591,annotation&nbsp;not&nbsp;available,90.4
1163398.AJJP01000032_gene284,AJJP01000032_gene284,annotation&nbsp;not&nbsp;available,90.4
1163398.AJJP01000047_gene2374,AJJP01000047_gene2374,annotation&nbsp;not&nbsp;available,90.4
1163398.AJJP01000166_gene1743,AJJP01000166_gene1743,annotation&nbsp;not&nbsp;available,90.3
1163398.AJJP01000017_gene3933,AJJP01000017_gene3933,annotation&nbsp;not&nbsp;available,90.3
1163398.AJJP01000032_gene273,AJJP01000032_gene273,annotation&nbsp;not&nbsp;available,90.3
1163398.AJJP01000048_gene2138,AJJP01000048_gene2138,annotation&nbsp;not&nbsp;available,90.3
1163398.AJJP01000160_gene1648,AJJP01000160_gene1648,annotation&nbsp;not&nbsp;available,90.3
1163398.AJJP01000057_gene2058,AJJP01000057_gene2058,annotation&nbsp;not&nbsp;available,90.2
1163398.AJJP01000046_gene4333,AJJP01000046_gene4333,annotation&nbsp;not&nbsp;available,90.2
1163398.AJJP01000105_gene1446,AJJP01000105_gene1446,annotation&nbsp;not&nbsp;available,90.2
1163398.AJJP01000199_gene3515,AJJP01000199_gene3515,annotation&nbsp;not&nbsp;available,90.2
1163398.AJJP01000003_gene3303,AJJP01000003_gene3303,annotation&nbsp;not&nbsp;available,90.2
1163398.AJJP01000032_gene269,AJJP01000032_gene269,annotation&nbsp;not&nbsp;available,90.2
1163398.AJJP01000091_gene1572,AJJP01000091_gene1572,annotation&nbsp;not&nbsp;available,90.2
1163398.AJJP01000077_gene2581,AJJP01000077_gene2581,annotation&nbsp;not&nbsp;available,90.2
1163398.AJJP01000087_gene4929,AJJP01000087_gene4929,annotation&nbsp;not&nbsp;available,90.2
1163398.AJJP01000046_gene4329,AJJP01000046_gene4329,annotation&nbsp;not&nbsp;available,90.2
1163398.AJJP01000127_gene4718,AJJP01000127_gene4718,annotation&nbsp;not&nbsp;available,90.2
1163398.AJJP01000033_gene296,AJJP01000033_gene296,annotation&nbsp;not&nbsp;available,90.2
1163398.AJJP01000074_gene2498,AJJP01000074_gene2498,annotation&nbsp;not&nbsp;available,90.1
1163398.AJJP01000011_gene4548,AJJP01000011_gene4548,annotation&nbsp;not&nbsp;available,90.1
1163398.AJJP01000129_gene4031,AJJP01000129_gene4031,annotation&nbsp;not&nbsp;available,90.1
1163398.AJJP01000185_gene45,AJJP01000185_gene45,annotation&nbsp;not&nbsp;available,90.1
1163398.AJJP01000156_gene2809,AJJP01000156_gene2809,annotation&nbsp;not&nbsp;available,90.1
1163398.AJJP01000036_gene400,AJJP01000036_gene400,annotation&nbsp;not&nbsp;available,90.0
1163398.AJJP01000079_gene4176,AJJP01000079_gene4176,annotation&nbsp;not&nbsp;available,90.0
1163398.AJJP01000030_gene243,AJJP01000030_gene243,annotation&nbsp;not&nbsp;available,90.0
1163398.AJJP01000011_gene4559,AJJP01000011_gene4559,annotation&nbsp;not&nbsp;available,90.0
1163398.AJJP01000022_gene1354,AJJP01000022_gene1354,annotation&nbsp;not&nbsp;available,89.9
1163398.AJJP01000192_gene4297,AJJP01000192_gene4297,annotation&nbsp;not&nbsp;available,89.9
1163398.AJJP01000219_gene2399,AJJP01000219_gene2399,annotation&nbsp;not&nbsp;available,89.9
1163398.AJJP01000057_gene2007,AJJP01000057_gene2007,annotation&nbsp;not&nbsp;available,89.9
1163398.AJJP01000093_gene4089,AJJP01000093_gene4089,annotation&nbsp;not&nbsp;available,89.9
1163398.AJJP01000038_gene4632,AJJP01000038_gene4632,annotation&nbsp;not&nbsp;available,89.9
1163398.AJJP01000066_gene3222,AJJP01000066_gene3222,annotation&nbsp;not&nbsp;available,89.9
1163398.AJJP01000057_gene2027,AJJP01000057_gene2027,annotation&nbsp;not&nbsp;available,89.8
1163398.AJJP01000183_gene172,AJJP01000183_gene172,annotation&nbsp;not&nbsp;available,89.8
1163398.AJJP01000157_gene2870,AJJP01000157_gene2870,annotation&nbsp;not&nbsp;available,89.8
1163398.AJJP01000038_gene4643,AJJP01000038_gene4643,annotation&nbsp;not&nbsp;available,89.7
1163398.AJJP01000017_gene3992,AJJP01000017_gene3992,annotation&nbsp;not&nbsp;available,89.7
1163398.AJJP01000057_gene2016,AJJP01000057_gene2016,annotation&nbsp;not&nbsp;available,89.7
1163398.AJJP01000197_gene4425,AJJP01000197_gene4425,annotation&nbsp;not&nbsp;available,89.7
1163398.AJJP01000140_gene3452,AJJP01000140_gene3452,annotation&nbsp;not&nbsp;available,89.6
1163398.AJJP01000161_gene1583,AJJP01000161_gene1583,annotation&nbsp;not&nbsp;available,89.6
1163398.AJJP01000116_gene904,AJJP01000116_gene904,annotation&nbsp;not&nbsp;available,89.6
1163398.AJJP01000137_gene442,AJJP01000137_gene442,annotation&nbsp;not&nbsp;available,89.6
1163398.AJJP01000153_gene2997,AJJP01000153_gene2997,annotation&nbsp;not&nbsp;available,89.6
1163398.AJJP01000056_gene1969,AJJP01000056_gene1969,annotation&nbsp;not&nbsp;available,89.5
1163398.AJJP01000185_gene73,AJJP01000185_gene73,annotation&nbsp;not&nbsp;available,89.5
1163398.AJJP01000017_gene3982,AJJP01000017_gene3982,annotation&nbsp;not&nbsp;available,89.5
1163398.AJJP01000117_gene922,AJJP01000117_gene922,annotation&nbsp;not&nbsp;available,89.5
1163398.AJJP01000123_gene4820,AJJP01000123_gene4820,annotation&nbsp;not&nbsp;available,89.5
1163398.AJJP01000130_gene4437,AJJP01000130_gene4437,annotation&nbsp;not&nbsp;available,89.5
1163398.AJJP01000035_gene388,AJJP01000035_gene388,annotation&nbsp;not&nbsp;available,89.4
1163398.AJJP01000169_gene1147,AJJP01000169_gene1147,annotation&nbsp;not&nbsp;available,89.4
1163398.AJJP01000097_gene1273,AJJP01000097_gene1273,annotation&nbsp;not&nbsp;available,89.3
1163398.AJJP01000124_gene4696,AJJP01000124_gene4696,annotation&nbsp;not&nbsp;available,89.3
1163398.AJJP01000187_gene2,AJJP01000187_gene2,annotation&nbsp;not&nbsp;available,89.3
1163398.AJJP01000082_gene5014,AJJP01000082_gene5014,annotation&nbsp;not&nbsp;available,89.3
1163398.AJJP01000149_gene2725,AJJP01000149_gene2725,annotation&nbsp;not&nbsp;available,89.3
1163398.AJJP01000069_gene2459,AJJP01000069_gene2459,annotation&nbsp;not&nbsp;available,89.3
1163398.AJJP01000195_gene4381,AJJP01000195_gene4381,annotation&nbsp;not&nbsp;available,89.2
1163398.AJJP01000184_gene119,AJJP01000184_gene119,annotation&nbsp;not&nbsp;available,89.2
1163398.AJJP01000111_gene791,AJJP01000111_gene791,annotation&nbsp;not&nbsp;available,89.2
1163398.AJJP01000069_gene2433,AJJP01000069_gene2433,annotation&nbsp;not&nbsp;available,89.2
1163398.AJJP01000160_gene1607,AJJP01000160_gene1607,annotation&nbsp;not&nbsp;available,89.2
1163398.AJJP01000107_gene1416,AJJP01000107_gene1416,annotation&nbsp;not&nbsp;available,89.2
1163398.AJJP01000170_gene1032,AJJP01000170_gene1032,annotation&nbsp;not&nbsp;available,89.2
1163398.AJJP01000090_gene3636,AJJP01000090_gene3636,annotation&nbsp;not&nbsp;available,89.2
1163398.AJJP01000219_gene2395,AJJP01000219_gene2395,annotation&nbsp;not&nbsp;available,89.2
1163398.AJJP01000061_gene3183,AJJP01000061_gene3183,annotation&nbsp;not&nbsp;available,89.1
1163398.AJJP01000188_gene4218,AJJP01000188_gene4218,annotation&nbsp;not&nbsp;available,89.1
1163398.AJJP01000018_gene1227,AJJP01000018_gene1227,annotation&nbsp;not&nbsp;available,89.1
1163398.AJJP01000123_gene4859,AJJP01000123_gene4859,annotation&nbsp;not&nbsp;available,89.1
1163398.AJJP01000140_gene3453,AJJP01000140_gene3453,annotation&nbsp;not&nbsp;available,89.1
1163398.AJJP01000061_gene3185,AJJP01000061_gene3185,annotation&nbsp;not&nbsp;available,89.1
1163398.AJJP01000105_gene1448,AJJP01000105_gene1448,annotation&nbsp;not&nbsp;available,89.1
1163398.AJJP01000125_gene4659,AJJP01000125_gene4659,annotation&nbsp;not&nbsp;available,89.1
1163398.AJJP01000064_gene3264,AJJP01000064_gene3264,annotation&nbsp;not&nbsp;available,89.0
1163398.AJJP01000134_gene3871,AJJP01000134_gene3871,annotation&nbsp;not&nbsp;available,89.0
1163398.AJJP01000066_gene3238,AJJP01000066_gene3238,annotation&nbsp;not&nbsp;available,89.0
1163398.AJJP01000126_gene4773,AJJP01000126_gene4773,annotation&nbsp;not&nbsp;available,89.0
1163398.AJJP01000009_gene4098,AJJP01000009_gene4098,annotation&nbsp;not&nbsp;available,88.9
1163398.AJJP01000064_gene3269,AJJP01000064_gene3269,annotation&nbsp;not&nbsp;available,88.9
1163398.AJJP01000087_gene4923,AJJP01000087_gene4923,annotation&nbsp;not&nbsp;available,88.9
1163398.AJJP01000012_gene581,AJJP01000012_gene581,annotation&nbsp;not&nbsp;available,88.8
1163398.AJJP01000035_gene361,AJJP01000035_gene361,annotation&nbsp;not&nbsp;available,88.8
1163398.AJJP01000038_gene4648,AJJP01000038_gene4648,annotation&nbsp;not&nbsp;available,88.8
1163398.AJJP01000050_gene1872,AJJP01000050_gene1872,annotation&nbsp;not&nbsp;available,88.8
1163398.AJJP01000090_gene3678,AJJP01000090_gene3678,annotation&nbsp;not&nbsp;available,88.8
1163398.AJJP01000055_gene2084,AJJP01000055_gene2084,annotation&nbsp;not&nbsp;available,88.8
1163398.AJJP01000015_gene1774,AJJP01000015_gene1774,annotation&nbsp;not&nbsp;available,88.8
1163398.AJJP01000127_gene4728,AJJP01000127_gene4728,annotation&nbsp;not&nbsp;available,88.7
1163398.AJJP01000083_gene5000,AJJP01000083_gene5000,annotation&nbsp;not&nbsp;available,88.7
1163398.AJJP01000126_gene4772,AJJP01000126_gene4772,annotation&nbsp;not&nbsp;available,88.7
1163398.AJJP01000112_gene816,AJJP01000112_gene816,annotation&nbsp;not&nbsp;available,88.7
1163398.AJJP01000130_gene4451,AJJP01000130_gene4451,annotation&nbsp;not&nbsp;available,88.7
1163398.AJJP01000193_gene2196,AJJP01000193_gene2196,annotation&nbsp;not&nbsp;available,88.7
1163398.AJJP01000187_gene10,AJJP01000187_gene10,annotation&nbsp;not&nbsp;available,88.7
1163398.AJJP01000017_gene3959,AJJP01000017_gene3959,annotation&nbsp;not&nbsp;available,88.7
1163398.AJJP01000137_gene468,AJJP01000137_gene468,annotation&nbsp;not&nbsp;available,88.6
1163398.AJJP01000022_gene1360,AJJP01000022_gene1360,annotation&nbsp;not&nbsp;available,88.6
1163398.AJJP01000022_gene1342,AJJP01000022_gene1342,annotation&nbsp;not&nbsp;available,88.6
1163398.AJJP01000206_gene3586,AJJP01000206_gene3586,annotation&nbsp;not&nbsp;available,88.6
1163398.AJJP01000008_gene4132,AJJP01000008_gene4132,annotation&nbsp;not&nbsp;available,88.6
1163398.AJJP01000009_gene4096,AJJP01000009_gene4096,annotation&nbsp;not&nbsp;available,88.6
1163398.AJJP01000087_gene4941,AJJP01000087_gene4941,annotation&nbsp;not&nbsp;available,88.6
1163398.AJJP01000123_gene4824,AJJP01000123_gene4824,annotation&nbsp;not&nbsp;available,88.5
1163398.AJJP01000093_gene4084,AJJP01000093_gene4084,annotation&nbsp;not&nbsp;available,88.5
1163398.AJJP01000036_gene412,AJJP01000036_gene412,annotation&nbsp;not&nbsp;available,88.5
1163398.AJJP01000052_gene1796,AJJP01000052_gene1796,annotation&nbsp;not&nbsp;available,88.5
1163398.AJJP01000091_gene1561,AJJP01000091_gene1561,annotation&nbsp;not&nbsp;available,88.5
1163398.AJJP01000063_gene3124,AJJP01000063_gene3124,annotation&nbsp;not&nbsp;available,88.5
1163398.AJJP01000118_gene4603,AJJP01000118_gene4603,annotation&nbsp;not&nbsp;available,88.4
1163398.AJJP01000185_gene68,AJJP01000185_gene68,annotation&nbsp;not&nbsp;available,88.4
1163398.AJJP01000035_gene385,AJJP01000035_gene385,annotation&nbsp;not&nbsp;available,88.4
1163398.AJJP01000163_gene1654,AJJP01000163_gene1654,annotation&nbsp;not&nbsp;available,88.4
1163398.AJJP01000061_gene3198,AJJP01000061_gene3198,annotation&nbsp;not&nbsp;available,88.3
1163398.AJJP01000079_gene4204,AJJP01000079_gene4204,annotation&nbsp;not&nbsp;available,88.3
1163398.AJJP01000034_gene314,AJJP01000034_gene314,annotation&nbsp;not&nbsp;available,88.3
1163398.AJJP01000029_gene545,AJJP01000029_gene545,annotation&nbsp;not&nbsp;available,88.3
1163398.AJJP01000150_gene2896,AJJP01000150_gene2896,annotation&nbsp;not&nbsp;available,88.3
1163398.AJJP01000082_gene5031,AJJP01000082_gene5031,annotation&nbsp;not&nbsp;available,88.2
1163398.AJJP01000035_gene356,AJJP01000035_gene356,annotation&nbsp;not&nbsp;available,88.2
1163398.AJJP01000123_gene4819,AJJP01000123_gene4819,annotation&nbsp;not&nbsp;available,88.2
1163398.AJJP01000057_gene1992,AJJP01000057_gene1992,annotation&nbsp;not&nbsp;available,88.2
1163398.AJJP01000011_gene4525,AJJP01000011_gene4525,annotation&nbsp;not&nbsp;available,88.2
1163398.AJJP01000109_gene663,AJJP01000109_gene663,annotation&nbsp;not&nbsp;available,88.1
1163398.AJJP01000072_gene2682,AJJP01000072_gene2682,annotation&nbsp;not&nbsp;available,88.1
1163398.AJJP01000116_gene891,AJJP01000116_gene891,annotation&nbsp;not&nbsp;available,88.1
1163398.AJJP01000116_gene908,AJJP01000116_gene908,annotation&nbsp;not&nbsp;available,88.1
1163398.AJJP01000017_gene3995,AJJP01000017_gene3995,annotation&nbsp;not&nbsp;available,88.1
1163398.AJJP01000176_gene1053,AJJP01000176_gene1053,annotation&nbsp;not&nbsp;available,88.0
1163398.AJJP01000003_gene3297,AJJP01000003_gene3297,annotation&nbsp;not&nbsp;available,88.0
1163398.AJJP01000111_gene772,AJJP01000111_gene772,annotation&nbsp;not&nbsp;available,88.0
1163398.AJJP01000142_gene3429,AJJP01000142_gene3429,annotation&nbsp;not&nbsp;available,88.0
1163398.AJJP01000155_gene2765,AJJP01000155_gene2765,annotation&nbsp;not&nbsp;available,87.9
1163398.AJJP01000153_gene2996,AJJP01000153_gene2996,annotation&nbsp;not&nbsp;available,87.9
1163398.AJJP01000137_gene519,AJJP01000137_gene519,annotation&nbsp;not&nbsp;available,87.9
1163398.AJJP01000082_gene5033,AJJP01000082_gene5033,annotation&nbsp;not&nbsp;available,87.9
1163398.AJJP01000105_gene1452,AJJP01000105_gene1452,annotation&nbsp;not&nbsp;available,87.8
1163398.AJJP01000083_gene4985,AJJP01000083_gene4985,annotation&nbsp;not&nbsp;available,87.8
1163398.AJJP01000005_gene3388,AJJP01000005_gene3388,annotation&nbsp;not&nbsp;available,87.8
1163398.AJJP01000134_gene3840,AJJP01000134_gene3840,annotation&nbsp;not&nbsp;available,87.8
1163398.AJJP01000057_gene2044,AJJP01000057_gene2044,annotation&nbsp;not&nbsp;available,87.8
1163398.AJJP01000046_gene4330,AJJP01000046_gene4330,annotation&nbsp;not&nbsp;available,87.7
1163398.AJJP01000123_gene4827,AJJP01000123_gene4827,annotation&nbsp;not&nbsp;available,87.7
1163398.AJJP01000078_gene4487,AJJP01000078_gene4487,annotation&nbsp;not&nbsp;available,87.7
1163398.AJJP01000152_gene2980,AJJP01000152_gene2980,annotation&nbsp;not&nbsp;available,87.7
1163398.AJJP01000137_gene489,AJJP01000137_gene489,annotation&nbsp;not&nbsp;available,87.7
1163398.AJJP01000193_gene2224,AJJP01000193_gene2224,annotation&nbsp;not&nbsp;available,87.6
1163398.AJJP01000008_gene4159,AJJP01000008_gene4159,annotation&nbsp;not&nbsp;available,87.6
1163398.AJJP01000056_gene1935,AJJP01000056_gene1935,annotation&nbsp;not&nbsp;available,87.6
1163398.AJJP01000116_gene917,AJJP01000116_gene917,annotation&nbsp;not&nbsp;available,87.6
1163398.AJJP01000050_gene1908,AJJP01000050_gene1908,annotation&nbsp;not&nbsp;available,87.6
1163398.AJJP01000008_gene4135,AJJP01000008_gene4135,annotation&nbsp;not&nbsp;available,87.6
1163398.AJJP01000069_gene2458,AJJP01000069_gene2458,annotation&nbsp;not&nbsp;available,87.5
1163398.AJJP01000018_gene1238,AJJP01000018_gene1238,annotation&nbsp;not&nbsp;available,87.5
1163398.AJJP01000126_gene4748,AJJP01000126_gene4748,annotation&nbsp;not&nbsp;available,87.5
1163398.AJJP01000137_gene494,AJJP01000137_gene494,annotation&nbsp;not&nbsp;available,87.5
1163398.AJJP01000153_gene2985,AJJP01000153_gene2985,annotation&nbsp;not&nbsp;available,87.5
1163398.AJJP01000104_gene1467,AJJP01000104_gene1467,annotation&nbsp;not&nbsp;available,87.4
1163398.AJJP01000057_gene1999,AJJP01000057_gene1999,annotation&nbsp;not&nbsp;available,87.4
1163398.AJJP01000026_gene1306,AJJP01000026_gene1306,annotation&nbsp;not&nbsp;available,87.4
1163398.AJJP01000167_gene1692,AJJP01000167_gene1692,annotation&nbsp;not&nbsp;available,87.4
1163398.AJJP01000206_gene3589,AJJP01000206_gene3589,annotation&nbsp;not&nbsp;available,87.4
1163398.AJJP01000150_gene2891,AJJP01000150_gene2891,annotation&nbsp;not&nbsp;available,87.4
1163398.AJJP01000149_gene2715,AJJP01000149_gene2715,annotation&nbsp;not&nbsp;available,87.4
1163398.AJJP01000036_gene406,AJJP01000036_gene406,annotation&nbsp;not&nbsp;available,87.3
1163398.AJJP01000039_gene3085,AJJP01000039_gene3085,annotation&nbsp;not&nbsp;available,87.3
1163398.AJJP01000057_gene2000,AJJP01000057_gene2000,annotation&nbsp;not&nbsp;available,87.3
1163398.AJJP01000095_gene4056,AJJP01000095_gene4056,annotation&nbsp;not&nbsp;available,87.3
1163398.AJJP01000204_gene3555,AJJP01000204_gene3555,annotation&nbsp;not&nbsp;available,87.2
1163398.AJJP01000066_gene3248,AJJP01000066_gene3248,annotation&nbsp;not&nbsp;available,87.2
1163398.AJJP01000130_gene4448,AJJP01000130_gene4448,annotation&nbsp;not&nbsp;available,87.2
1163398.AJJP01000105_gene1445,AJJP01000105_gene1445,annotation&nbsp;not&nbsp;available,87.2
1163398.AJJP01000026_gene1302,AJJP01000026_gene1302,annotation&nbsp;not&nbsp;available,87.2
1163398.AJJP01000123_gene4833,AJJP01000123_gene4833,annotation&nbsp;not&nbsp;available,87.1
1163398.AJJP01000105_gene1433,AJJP01000105_gene1433,annotation&nbsp;not&nbsp;available,87.1
1163398.AJJP01000037_gene2252,AJJP01000037_gene2252,annotation&nbsp;not&nbsp;available,87.1
1163398.AJJP01000072_gene2689,AJJP01000072_gene2689,annotation&nbsp;not&nbsp;available,87.1
1163398.AJJP01000130_gene4440,AJJP01000130_gene4440,annotation&nbsp;not&nbsp;available,87.1
1163398.AJJP01000051_gene1930,AJJP01000051_gene1930,annotation&nbsp;not&nbsp;available,87.1
1163398.AJJP01000112_gene803,AJJP01000112_gene803,annotation&nbsp;not&nbsp;available,87.0
1163398.AJJP01000156_gene2827,AJJP01000156_gene2827,annotation&nbsp;not&nbsp;available,87.0
1163398.AJJP01000019_gene1216,AJJP01000019_gene1216,annotation&nbsp;not&nbsp;available,87.0
1163398.AJJP01000008_gene4124,AJJP01000008_gene4124,annotation&nbsp;not&nbsp;available,87.0
1163398.AJJP01000140_gene3462,AJJP01000140_gene3462,annotation&nbsp;not&nbsp;available,87.0
1163398.AJJP01000168_gene1129,AJJP01000168_gene1129,annotation&nbsp;not&nbsp;available,86.9
1163398.AJJP01000092_gene4074,AJJP01000092_gene4074,annotation&nbsp;not&nbsp;available,86.9
1163398.AJJP01000050_gene1850,AJJP01000050_gene1850,annotation&nbsp;not&nbsp;available,86.9
1163398.AJJP01000149_gene2721,AJJP01000149_gene2721,annotation&nbsp;not&nbsp;available,86.9
1163398.AJJP01000104_gene1456,AJJP01000104_gene1456,annotation&nbsp;not&nbsp;available,86.9
1163398.AJJP01000146_gene3491,AJJP01000146_gene3491,annotation&nbsp;not&nbsp;available,86.8
1163398.AJJP01000187_gene23,AJJP01000187_gene23,annotation&nbsp;not&nbsp;available,86.8
1163398.AJJP01000074_gene2538,AJJP01000074_gene2538,annotation&nbsp;not&nbsp;available,86.8
1163398.AJJP01000170_gene1037,AJJP01000170_gene1037,annotation&nbsp;not&nbsp;available,86.8
1163398.AJJP01000137_gene441,AJJP01000137_gene441,annotation&nbsp;not&nbsp;available,86.8
1163398.AJJP01000008_gene4123,AJJP01000008_gene4123,annotation&nbsp;not&nbsp;available,86.8
1163398.AJJP01000013_gene537,AJJP01000013_gene537,annotation&nbsp;not&nbsp;available,86.7
1163398.AJJP01000001_gene3318,AJJP01000001_gene3318,annotation&nbsp;not&nbsp;available,86.7
1163398.AJJP01000019_gene1191,AJJP01000019_gene1191,annotation&nbsp;not&nbsp;available,86.6
1163398.AJJP01000145_gene3505,AJJP01000145_gene3505,annotation&nbsp;not&nbsp;available,86.6
1163398.AJJP01000053_gene1841,AJJP01000053_gene1841,annotation&nbsp;not&nbsp;available,86.6
1163398.AJJP01000137_gene508,AJJP01000137_gene508,annotation&nbsp;not&nbsp;available,86.6
1163398.AJJP01000040_gene2295,AJJP01000040_gene2295,annotation&nbsp;not&nbsp;available,86.6
1163398.AJJP01000022_gene1357,AJJP01000022_gene1357,annotation&nbsp;not&nbsp;available,86.5
1163398.AJJP01000079_gene4191,AJJP01000079_gene4191,annotation&nbsp;not&nbsp;available,86.5
1163398.AJJP01000168_gene1113,AJJP01000168_gene1113,annotation&nbsp;not&nbsp;available,86.5
1163398.AJJP01000125_gene4667,AJJP01000125_gene4667,annotation&nbsp;not&nbsp;available,86.5
1163398.AJJP01000151_gene2929,AJJP01000151_gene2929,annotation&nbsp;not&nbsp;available,86.4
1163398.AJJP01000112_gene798,AJJP01000112_gene798,annotation&nbsp;not&nbsp;available,86.4
1163398.AJJP01000109_gene684,AJJP01000109_gene684,annotation&nbsp;not&nbsp;available,86.4
1163398.AJJP01000056_gene1974,AJJP01000056_gene1974,annotation&nbsp;not&nbsp;available,86.4
1163398.AJJP01000127_gene4716,AJJP01000127_gene4716,annotation&nbsp;not&nbsp;available,86.3
1163398.AJJP01000036_gene425,AJJP01000036_gene425,annotation&nbsp;not&nbsp;available,86.3
1163398.AJJP01000079_gene4177,AJJP01000079_gene4177,annotation&nbsp;not&nbsp;available,86.3
1163398.AJJP01000129_gene4030,AJJP01000129_gene4030,annotation&nbsp;not&nbsp;available,86.3
1163398.AJJP01000008_gene4143,AJJP01000008_gene4143,annotation&nbsp;not&nbsp;available,86.3
1163398.AJJP01000057_gene2012,AJJP01000057_gene2012,annotation&nbsp;not&nbsp;available,86.2
1163398.AJJP01000077_gene2577,AJJP01000077_gene2577,annotation&nbsp;not&nbsp;available,86.2
1163398.AJJP01000193_gene2201,AJJP01000193_gene2201,annotation&nbsp;not&nbsp;available,86.1
1163398.AJJP01000184_gene124,AJJP01000184_gene124,annotation&nbsp;not&nbsp;available,86.1
1163398.AJJP01000056_gene1960,AJJP01000056_gene1960,annotation&nbsp;not&nbsp;available,86.1
1163398.AJJP01000129_gene4038,AJJP01000129_gene4038,annotation&nbsp;not&nbsp;available,86.1
1163398.AJJP01000014_gene3696,AJJP01000014_gene3696,annotation&nbsp;not&nbsp;available,86.1
1163398.AJJP01000137_gene455,AJJP01000137_gene455,annotation&nbsp;not&nbsp;available,86.1
1163398.AJJP01000032_gene279,AJJP01000032_gene279,annotation&nbsp;not&nbsp;available,86.0
1163398.AJJP01000066_gene3225,AJJP01000066_gene3225,annotation&nbsp;not&nbsp;available,86.0
1163398.AJJP01000140_gene3466,AJJP01000140_gene3466,annotation&nbsp;not&nbsp;available,86.0
1163398.AJJP01000207_gene3576,AJJP01000207_gene3576,annotation&nbsp;not&nbsp;available,86.0
1163398.AJJP01000035_gene387,AJJP01000035_gene387,annotation&nbsp;not&nbsp;available,86.0
1163398.AJJP01000193_gene2199,AJJP01000193_gene2199,annotation&nbsp;not&nbsp;available,85.9
1163398.AJJP01000151_gene2907,AJJP01000151_gene2907,annotation&nbsp;not&nbsp;available,85.9
1163398.AJJP01000127_gene4721,AJJP01000127_gene4721,annotation&nbsp;not&nbsp;available,85.9
1163398.AJJP01000014_gene3685,AJJP01000014_gene3685,annotation&nbsp;not&nbsp;available,85.9
1163398.AJJP01000165_gene1675,AJJP01000165_gene1675,annotation&nbsp;not&nbsp;available,85.9
1163398.AJJP01000178_gene221,AJJP01000178_gene221,annotation&nbsp;not&nbsp;available,85.8
1163398.AJJP01000195_gene4395,AJJP01000195_gene4395,annotation&nbsp;not&nbsp;available,85.8
1163398.AJJP01000012_gene567,AJJP01000012_gene567,annotation&nbsp;not&nbsp;available,85.8
1163398.AJJP01000014_gene3721,AJJP01000014_gene3721,annotation&nbsp;not&nbsp;available,85.8
1163398.AJJP01000142_gene3406,AJJP01000142_gene3406,annotation&nbsp;not&nbsp;available,85.8
1163398.AJJP01000030_gene232,AJJP01000030_gene232,annotation&nbsp;not&nbsp;available,85.7
1163398.AJJP01000123_gene4822,AJJP01000123_gene4822,annotation&nbsp;not&nbsp;available,85.7
1163398.AJJP01000134_gene3873,AJJP01000134_gene3873,annotation&nbsp;not&nbsp;available,85.7
1163398.AJJP01000184_gene89,AJJP01000184_gene89,annotation&nbsp;not&nbsp;available,85.7
1163398.AJJP01000074_gene2522,AJJP01000074_gene2522,annotation&nbsp;not&nbsp;available,85.7
1163398.AJJP01000155_gene2729,AJJP01000155_gene2729,annotation&nbsp;not&nbsp;available,85.7
1163398.AJJP01000041_gene2285,AJJP01000041_gene2285,annotation&nbsp;not&nbsp;available,85.7
1163398.AJJP01000111_gene774,AJJP01000111_gene774,annotation&nbsp;not&nbsp;available,85.6
1163398.AJJP01000008_gene4142,AJJP01000008_gene4142,annotation&nbsp;not&nbsp;available,85.6
1163398.AJJP01000185_gene69,AJJP01000185_gene69,annotation&nbsp;not&nbsp;available,85.6
1163398.AJJP01000074_gene2518,AJJP01000074_gene2518,annotation&nbsp;not&nbsp;available,85.6
1163398.AJJP01000170_gene1034,AJJP01000170_gene1034,annotation&nbsp;not&nbsp;available,85.5
1163398.AJJP01000100_gene1522,AJJP01000100_gene1522,annotation&nbsp;not&nbsp;available,85.5
1163398.AJJP01000198_gene3521,AJJP01000198_gene3521,annotation&nbsp;not&nbsp;available,85.5
1163398.AJJP01000183_gene151,AJJP01000183_gene151,annotation&nbsp;not&nbsp;available,85.5
1163398.AJJP01000167_gene1735,AJJP01000167_gene1735,annotation&nbsp;not&nbsp;available,85.4
1163398.AJJP01000184_gene107,AJJP01000184_gene107,annotation&nbsp;not&nbsp;available,85.4
1163398.AJJP01000151_gene2946,AJJP01000151_gene2946,annotation&nbsp;not&nbsp;available,85.4
1163398.AJJP01000134_gene3816,AJJP01000134_gene3816,annotation&nbsp;not&nbsp;available,85.4
1163398.AJJP01000091_gene1568,AJJP01000091_gene1568,annotation&nbsp;not&nbsp;available,85.4
1163398.AJJP01000012_gene595,AJJP01000012_gene595,annotation&nbsp;not&nbsp;available,85.3
1163398.AJJP01000160_gene1602,AJJP01000160_gene1602,annotation&nbsp;not&nbsp;available,85.3
1163398.AJJP01000161_gene1576,AJJP01000161_gene1576,annotation&nbsp;not&nbsp;available,85.3
1163398.AJJP01000134_gene3913,AJJP01000134_gene3913,annotation&nbsp;not&nbsp;available,85.3
1163398.AJJP01000011_gene4599,AJJP01000011_gene4599,annotation&nbsp;not&nbsp;available,85.3
1163398.AJJP01000134_gene3865,AJJP01000134_gene3865,annotation&nbsp;not&nbsp;available,85.2
1163398.AJJP01000088_gene3798,AJJP01000088_gene3798,annotation&nbsp;not&nbsp;available,85.2
1163398.AJJP01000190_gene4261,AJJP01000190_gene4261,annotation&nbsp;not&nbsp;available,85.2
1163398.AJJP01000129_gene4023,AJJP01000129_gene4023,annotation&nbsp;not&nbsp;available,85.2
1163398.AJJP01000116_gene918,AJJP01000116_gene918,annotation&nbsp;not&nbsp;available,85.2
1163398.AJJP01000104_gene1457,AJJP01000104_gene1457,annotation&nbsp;not&nbsp;available,85.2
1163398.AJJP01000064_gene3260,AJJP01000064_gene3260,annotation&nbsp;not&nbsp;available,85.1
1163398.AJJP01000005_gene3395,AJJP01000005_gene3395,annotation&nbsp;not&nbsp;available,85.1
1163398.AJJP01000018_gene1254,AJJP01000018_gene1254,annotation&nbsp;not&nbsp;available,85.1
1163398.AJJP01000116_gene879,AJJP01000116_gene879,annotation&nbsp;not&nbsp;available,85.1
1163398.AJJP01000155_gene2751,AJJP01000155_gene2751,annotation&nbsp;not&nbsp;available,85.0
1163398.AJJP01000074_gene2486,AJJP01000074_gene2486,annotation&nbsp;not&nbsp;available,85.0
1163398.AJJP01000049_gene2156,AJJP01000049_gene2156,annotation&nbsp;not&nbsp;available,85.0
1163398.AJJP01000063_gene3144,AJJP01000063_gene3144,annotation&nbsp;not&nbsp;available,85.0
1163398.AJJP01000190_gene4258,AJJP01000190_gene4258,annotation&nbsp;not&nbsp;available,85.0
1163398.AJJP01000093_gene4092,AJJP01000093_gene4092,annotation&nbsp;not&nbsp;available,84.8
1163398.AJJP01000109_gene689,AJJP01000109_gene689,annotation&nbsp;not&nbsp;available,84.8
1163398.AJJP01000087_gene4921,AJJP01000087_gene4921,annotation&nbsp;not&nbsp;available,84.8
1163398.AJJP01000199_gene3517,AJJP01000199_gene3517,annotation&nbsp;not&nbsp;available,84.8
1163398.AJJP01000116_gene898,AJJP01000116_gene898,annotation&nbsp;not&nbsp;available,84.8
1163398.AJJP01000197_gene4430,AJJP01000197_gene4430,annotation&nbsp;not&nbsp;available,84.8
1163398.AJJP01000087_gene4897,AJJP01000087_gene4897,annotation&nbsp;not&nbsp;available,84.8
1163398.AJJP01000093_gene4083,AJJP01000093_gene4083,annotation&nbsp;not&nbsp;available,84.8
1163398.AJJP01000074_gene2523,AJJP01000074_gene2523,annotation&nbsp;not&nbsp;available,84.8
1163398.AJJP01000126_gene4742,AJJP01000126_gene4742,annotation&nbsp;not&nbsp;available,84.7
1163398.AJJP01000183_gene174,AJJP01000183_gene174,annotation&nbsp;not&nbsp;available,84.7
1163398.AJJP01000185_gene65,AJJP01000185_gene65,annotation&nbsp;not&nbsp;available,84.6
1163398.AJJP01000040_gene2298,AJJP01000040_gene2298,annotation&nbsp;not&nbsp;available,84.6
1163398.AJJP01000021_gene1379,AJJP01000021_gene1379,annotation&nbsp;not&nbsp;available,84.6
1163398.AJJP01000108_gene631,AJJP01000108_gene631,annotation&nbsp;not&nbsp;available,84.6
1163398.AJJP01000186_gene30,AJJP01000186_gene30,annotation&nbsp;not&nbsp;available,84.6
1163398.AJJP01000050_gene1873,AJJP01000050_gene1873,annotation&nbsp;not&nbsp;available,84.5
1163398.AJJP01000116_gene877,AJJP01000116_gene877,annotation&nbsp;not&nbsp;available,84.5
1163398.AJJP01000034_gene322,AJJP01000034_gene322,annotation&nbsp;not&nbsp;available,84.5
1163398.AJJP01000020_gene1397,AJJP01000020_gene1397,annotation&nbsp;not&nbsp;available,84.5
1163398.AJJP01000054_gene2070,AJJP01000054_gene2070,annotation&nbsp;not&nbsp;available,84.5
1163398.AJJP01000003_gene3304,AJJP01000003_gene3304,annotation&nbsp;not&nbsp;available,84.5
1163398.AJJP01000026_gene1298,AJJP01000026_gene1298,annotation&nbsp;not&nbsp;available,84.4
1163398.AJJP01000109_gene633,AJJP01000109_gene633,annotation&nbsp;not&nbsp;available,84.4
1163398.AJJP01000079_gene4198,AJJP01000079_gene4198,annotation&nbsp;not&nbsp;available,84.4
1163398.AJJP01000008_gene4144,AJJP01000008_gene4144,annotation&nbsp;not&nbsp;available,84.4
1163398.AJJP01000037_gene2251,AJJP01000037_gene2251,annotation&nbsp;not&nbsp;available,84.4
1163398.AJJP01000061_gene3179,AJJP01000061_gene3179,annotation&nbsp;not&nbsp;available,84.4
1163398.AJJP01000077_gene2592,AJJP01000077_gene2592,annotation&nbsp;not&nbsp;available,84.4
1163398.AJJP01000211_gene3077,AJJP01000211_gene3077,annotation&nbsp;not&nbsp;available,84.4
1163398.AJJP01000036_gene423,AJJP01000036_gene423,annotation&nbsp;not&nbsp;available,84.3
1163398.AJJP01000074_gene2540,AJJP01000074_gene2540,annotation&nbsp;not&nbsp;available,84.3
1163398.AJJP01000111_gene773,AJJP01000111_gene773,annotation&nbsp;not&nbsp;available,84.3
1163398.AJJP01000137_gene449,AJJP01000137_gene449,annotation&nbsp;not&nbsp;available,84.3
1163398.AJJP01000116_gene902,AJJP01000116_gene902,annotation&nbsp;not&nbsp;available,84.2
1163398.AJJP01000204_gene3564,AJJP01000204_gene3564,annotation&nbsp;not&nbsp;available,84.2
1163398.AJJP01000160_gene1597,AJJP01000160_gene1597,annotation&nbsp;not&nbsp;available,84.2
1163398.AJJP01000024_gene1317,AJJP01000024_gene1317,annotation&nbsp;not&nbsp;available,84.2
1163398.AJJP01000155_gene2788,AJJP01000155_gene2788,annotation&nbsp;not&nbsp;available,84.2
1163398.AJJP01000179_gene205,AJJP01000179_gene205,annotation&nbsp;not&nbsp;available,84.2
1163398.AJJP01000172_gene931,AJJP01000172_gene931,annotation&nbsp;not&nbsp;available,84.2
1163398.AJJP01000155_gene2785,AJJP01000155_gene2785,annotation&nbsp;not&nbsp;available,84.1
1163398.AJJP01000145_gene3502,AJJP01000145_gene3502,annotation&nbsp;not&nbsp;available,84.1
1163398.AJJP01000220_gene3753,AJJP01000220_gene3753,annotation&nbsp;not&nbsp;available,84.1
1163398.AJJP01000189_gene4248,AJJP01000189_gene4248,annotation&nbsp;not&nbsp;available,84.0
1163398.AJJP01000103_gene1479,AJJP01000103_gene1479,annotation&nbsp;not&nbsp;available,83.9
1163398.AJJP01000138_gene2161,AJJP01000138_gene2161,annotation&nbsp;not&nbsp;available,83.9
1163398.AJJP01000208_gene3016,AJJP01000208_gene3016,annotation&nbsp;not&nbsp;available,83.9
1163398.AJJP01000053_gene1846,AJJP01000053_gene1846,annotation&nbsp;not&nbsp;available,83.9
1163398.AJJP01000194_gene4363,AJJP01000194_gene4363,annotation&nbsp;not&nbsp;available,83.9
1163398.AJJP01000024_gene1331,AJJP01000024_gene1331,annotation&nbsp;not&nbsp;available,83.9
1163398.AJJP01000108_gene628,AJJP01000108_gene628,annotation&nbsp;not&nbsp;available,83.9
1163398.AJJP01000066_gene3251,AJJP01000066_gene3251,annotation&nbsp;not&nbsp;available,83.9
1163398.AJJP01000111_gene775,AJJP01000111_gene775,annotation&nbsp;not&nbsp;available,83.9
1163398.AJJP01000110_gene726,AJJP01000110_gene726,annotation&nbsp;not&nbsp;available,83.9
1163398.AJJP01000055_gene2080,AJJP01000055_gene2080,annotation&nbsp;not&nbsp;available,83.8
1163398.AJJP01000167_gene1717,AJJP01000167_gene1717,annotation&nbsp;not&nbsp;available,83.8
1163398.AJJP01000083_gene4987,AJJP01000083_gene4987,annotation&nbsp;not&nbsp;available,83.8
1163398.AJJP01000158_gene1757,AJJP01000158_gene1757,annotation&nbsp;not&nbsp;available,83.8
1163398.AJJP01000014_gene3686,AJJP01000014_gene3686,annotation&nbsp;not&nbsp;available,83.8
1163398.AJJP01000078_gene4484,AJJP01000078_gene4484,annotation&nbsp;not&nbsp;available,83.8
1163398.AJJP01000114_gene842,AJJP01000114_gene842,annotation&nbsp;not&nbsp;available,83.7
1163398.AJJP01000018_gene1258,AJJP01000018_gene1258,annotation&nbsp;not&nbsp;available,83.7
1163398.AJJP01000048_gene2149,AJJP01000048_gene2149,annotation&nbsp;not&nbsp;available,83.7
1163398.AJJP01000022_gene1362,AJJP01000022_gene1362,annotation&nbsp;not&nbsp;available,83.7
1163398.AJJP01000014_gene3724,AJJP01000014_gene3724,annotation&nbsp;not&nbsp;available,83.7
1163398.AJJP01000047_gene2379,AJJP01000047_gene2379,annotation&nbsp;not&nbsp;available,83.7
1163398.AJJP01000183_gene175,AJJP01000183_gene175,annotation&nbsp;not&nbsp;available,83.7
1163398.AJJP01000120_gene4803,AJJP01000120_gene4803,annotation&nbsp;not&nbsp;available,83.7
1163398.AJJP01000019_gene1170,AJJP01000019_gene1170,annotation&nbsp;not&nbsp;available,83.7
1163398.AJJP01000005_gene3386,AJJP01000005_gene3386,annotation&nbsp;not&nbsp;available,83.7
1163398.AJJP01000151_gene2909,AJJP01000151_gene2909,annotation&nbsp;not&nbsp;available,83.7
1163398.AJJP01000167_gene1684,AJJP01000167_gene1684,annotation&nbsp;not&nbsp;available,83.6
1163398.AJJP01000043_gene2309,AJJP01000043_gene2309,annotation&nbsp;not&nbsp;available,83.6
1163398.AJJP01000092_gene4072,AJJP01000092_gene4072,annotation&nbsp;not&nbsp;available,83.6
1163398.AJJP01000147_gene3471,AJJP01000147_gene3471,annotation&nbsp;not&nbsp;available,83.6
1163398.AJJP01000055_gene2082,AJJP01000055_gene2082,annotation&nbsp;not&nbsp;available,83.6
1163398.AJJP01000156_gene2800,AJJP01000156_gene2800,annotation&nbsp;not&nbsp;available,83.6
1163398.AJJP01000124_gene4705,AJJP01000124_gene4705,annotation&nbsp;not&nbsp;available,83.6
1163398.AJJP01000184_gene101,AJJP01000184_gene101,annotation&nbsp;not&nbsp;available,83.6
1163398.AJJP01000123_gene4815,AJJP01000123_gene4815,annotation&nbsp;not&nbsp;available,83.6
1163398.AJJP01000032_gene288,AJJP01000032_gene288,annotation&nbsp;not&nbsp;available,83.6
1163398.AJJP01000091_gene1553,AJJP01000091_gene1553,annotation&nbsp;not&nbsp;available,83.6
1163398.AJJP01000155_gene2740,AJJP01000155_gene2740,annotation&nbsp;not&nbsp;available,83.5
1163398.AJJP01000165_gene1672,AJJP01000165_gene1672,annotation&nbsp;not&nbsp;available,83.5
1163398.AJJP01000156_gene2803,AJJP01000156_gene2803,annotation&nbsp;not&nbsp;available,83.5
1163398.AJJP01000134_gene3821,AJJP01000134_gene3821,annotation&nbsp;not&nbsp;available,83.5
1163398.AJJP01000039_gene3081,AJJP01000039_gene3081,annotation&nbsp;not&nbsp;available,83.5
1163398.AJJP01000227_gene2388,AJJP01000227_gene2388,annotation&nbsp;not&nbsp;available,83.5
1163398.AJJP01000201_gene3595,AJJP01000201_gene3595,annotation&nbsp;not&nbsp;available,83.4
1163398.AJJP01000170_gene997,AJJP01000170_gene997,annotation&nbsp;not&nbsp;available,83.4
1163398.AJJP01000142_gene3417,AJJP01000142_gene3417,annotation&nbsp;not&nbsp;available,83.4
1163398.AJJP01000127_gene4724,AJJP01000127_gene4724,annotation&nbsp;not&nbsp;available,83.4
1163398.AJJP01000018_gene1240,AJJP01000018_gene1240,annotation&nbsp;not&nbsp;available,83.4
1163398.AJJP01000017_gene3986,AJJP01000017_gene3986,annotation&nbsp;not&nbsp;available,83.4
1163398.AJJP01000183_gene141,AJJP01000183_gene141,annotation&nbsp;not&nbsp;available,83.4
1163398.AJJP01000161_gene1586,AJJP01000161_gene1586,annotation&nbsp;not&nbsp;available,83.3
1163398.AJJP01000066_gene3245,AJJP01000066_gene3245,annotation&nbsp;not&nbsp;available,83.3
1163398.AJJP01000038_gene4653,AJJP01000038_gene4653,annotation&nbsp;not&nbsp;available,83.3
1163398.AJJP01000127_gene4709,AJJP01000127_gene4709,annotation&nbsp;not&nbsp;available,83.3
1163398.AJJP01000043_gene2342,AJJP01000043_gene2342,annotation&nbsp;not&nbsp;available,83.3
1163398.AJJP01000169_gene1155,AJJP01000169_gene1155,annotation&nbsp;not&nbsp;available,83.3
1163398.AJJP01000004_gene3349,AJJP01000004_gene3349,annotation&nbsp;not&nbsp;available,83.3
1163398.AJJP01000157_gene2866,AJJP01000157_gene2866,annotation&nbsp;not&nbsp;available,83.3
1163398.AJJP01000153_gene2994,AJJP01000153_gene2994,annotation&nbsp;not&nbsp;available,83.3
1163398.AJJP01000207_gene3569,AJJP01000207_gene3569,annotation&nbsp;not&nbsp;available,83.2
1163398.AJJP01000015_gene1781,AJJP01000015_gene1781,annotation&nbsp;not&nbsp;available,83.2
1163398.AJJP01000112_gene825,AJJP01000112_gene825,annotation&nbsp;not&nbsp;available,83.2
1163398.AJJP01000137_gene436,AJJP01000137_gene436,annotation&nbsp;not&nbsp;available,83.2
1163398.AJJP01000155_gene2762,AJJP01000155_gene2762,annotation&nbsp;not&nbsp;available,83.2
1163398.AJJP01000025_gene1315,AJJP01000025_gene1315,annotation&nbsp;not&nbsp;available,83.1
1163398.AJJP01000091_gene1555,AJJP01000091_gene1555,annotation&nbsp;not&nbsp;available,83.1
1163398.AJJP01000090_gene3637,AJJP01000090_gene3637,annotation&nbsp;not&nbsp;available,83.1
1163398.AJJP01000112_gene813,AJJP01000112_gene813,annotation&nbsp;not&nbsp;available,83.1
1163398.AJJP01000170_gene1036,AJJP01000170_gene1036,annotation&nbsp;not&nbsp;available,83.1
1163398.AJJP01000019_gene1172,AJJP01000019_gene1172,annotation&nbsp;not&nbsp;available,83.1
1163398.AJJP01000003_gene3313,AJJP01000003_gene3313,annotation&nbsp;not&nbsp;available,83.1
1163398.AJJP01000109_gene640,AJJP01000109_gene640,annotation&nbsp;not&nbsp;available,83.1
1163398.AJJP01000174_gene1071,AJJP01000174_gene1071,annotation&nbsp;not&nbsp;available,83.0
1163398.AJJP01000139_gene3339,AJJP01000139_gene3339,annotation&nbsp;not&nbsp;available,83.0
1163398.AJJP01000078_gene4512,AJJP01000078_gene4512,annotation&nbsp;not&nbsp;available,83.0
1163398.AJJP01000134_gene3844,AJJP01000134_gene3844,annotation&nbsp;not&nbsp;available,82.9
1163398.AJJP01000194_gene4366,AJJP01000194_gene4366,annotation&nbsp;not&nbsp;available,82.9
1163398.AJJP01000008_gene4111,AJJP01000008_gene4111,annotation&nbsp;not&nbsp;available,82.9
1163398.AJJP01000197_gene4413,AJJP01000197_gene4413,annotation&nbsp;not&nbsp;available,82.9
1163398.AJJP01000036_gene408,AJJP01000036_gene408,annotation&nbsp;not&nbsp;available,82.8
1163398.AJJP01000017_gene3999,AJJP01000017_gene3999,annotation&nbsp;not&nbsp;available,82.7
1163398.AJJP01000134_gene3886,AJJP01000134_gene3886,annotation&nbsp;not&nbsp;available,82.7
1163398.AJJP01000088_gene3781,AJJP01000088_gene3781,annotation&nbsp;not&nbsp;available,82.7
1163398.AJJP01000068_gene2417,AJJP01000068_gene2417,annotation&nbsp;not&nbsp;available,82.7
1163398.AJJP01000012_gene579,AJJP01000012_gene579,annotation&nbsp;not&nbsp;available,82.7
1163398.AJJP01000134_gene3858,AJJP01000134_gene3858,annotation&nbsp;not&nbsp;available,82.7
1163398.AJJP01000193_gene2203,AJJP01000193_gene2203,annotation&nbsp;not&nbsp;available,82.7
1163398.AJJP01000053_gene1817,AJJP01000053_gene1817,annotation&nbsp;not&nbsp;available,82.7
1163398.AJJP01000137_gene450,AJJP01000137_gene450,annotation&nbsp;not&nbsp;available,82.6
1163398.AJJP01000119_gene4476,AJJP01000119_gene4476,annotation&nbsp;not&nbsp;available,82.6
1163398.AJJP01000108_gene622,AJJP01000108_gene622,annotation&nbsp;not&nbsp;available,82.6
1163398.AJJP01000165_gene1673,AJJP01000165_gene1673,annotation&nbsp;not&nbsp;available,82.5
1163398.AJJP01000105_gene1435,AJJP01000105_gene1435,annotation&nbsp;not&nbsp;available,82.5
1163398.AJJP01000053_gene1819,AJJP01000053_gene1819,annotation&nbsp;not&nbsp;available,82.5
1163398.AJJP01000201_gene3592,AJJP01000201_gene3592,annotation&nbsp;not&nbsp;available,82.5
1163398.AJJP01000134_gene3895,AJJP01000134_gene3895,annotation&nbsp;not&nbsp;available,82.5
1163398.AJJP01000012_gene582,AJJP01000012_gene582,annotation&nbsp;not&nbsp;available,82.5
1163398.AJJP01000072_gene2677,AJJP01000072_gene2677,annotation&nbsp;not&nbsp;available,82.5
1163398.AJJP01000192_gene4300,AJJP01000192_gene4300,annotation&nbsp;not&nbsp;available,82.4
1163398.AJJP01000156_gene2829,AJJP01000156_gene2829,annotation&nbsp;not&nbsp;available,82.4
1163398.AJJP01000183_gene173,AJJP01000183_gene173,annotation&nbsp;not&nbsp;available,82.4
1163398.AJJP01000110_gene719,AJJP01000110_gene719,annotation&nbsp;not&nbsp;available,82.4
1163398.AJJP01000074_gene2551,AJJP01000074_gene2551,annotation&nbsp;not&nbsp;available,82.4
1163398.AJJP01000011_gene4542,AJJP01000011_gene4542,annotation&nbsp;not&nbsp;available,82.4
1163398.AJJP01000123_gene4858,AJJP01000123_gene4858,annotation&nbsp;not&nbsp;available,82.4
1163398.AJJP01000071_gene2651,AJJP01000071_gene2651,annotation&nbsp;not&nbsp;available,82.3
1163398.AJJP01000157_gene2869,AJJP01000157_gene2869,annotation&nbsp;not&nbsp;available,82.3
1163398.AJJP01000142_gene3422,AJJP01000142_gene3422,annotation&nbsp;not&nbsp;available,82.3
1163398.AJJP01000174_gene1078,AJJP01000174_gene1078,annotation&nbsp;not&nbsp;available,82.3
1163398.AJJP01000057_gene2043,AJJP01000057_gene2043,annotation&nbsp;not&nbsp;available,82.3
1163398.AJJP01000212_gene3069,AJJP01000212_gene3069,annotation&nbsp;not&nbsp;available,82.3
1163398.AJJP01000110_gene736,AJJP01000110_gene736,annotation&nbsp;not&nbsp;available,82.2
1163398.AJJP01000092_gene4061,AJJP01000092_gene4061,annotation&nbsp;not&nbsp;available,82.2
1163398.AJJP01000035_gene381,AJJP01000035_gene381,annotation&nbsp;not&nbsp;available,82.2
1163398.AJJP01000008_gene4167,AJJP01000008_gene4167,annotation&nbsp;not&nbsp;available,82.2
1163398.AJJP01000183_gene171,AJJP01000183_gene171,annotation&nbsp;not&nbsp;available,82.2
1163398.AJJP01000167_gene1709,AJJP01000167_gene1709,annotation&nbsp;not&nbsp;available,82.2
1163398.AJJP01000034_gene325,AJJP01000034_gene325,annotation&nbsp;not&nbsp;available,82.1
1163398.AJJP01000061_gene3195,AJJP01000061_gene3195,annotation&nbsp;not&nbsp;available,82.1
1163398.AJJP01000115_gene864,AJJP01000115_gene864,annotation&nbsp;not&nbsp;available,82.0
1163398.AJJP01000109_gene703,AJJP01000109_gene703,annotation&nbsp;not&nbsp;available,82.0
1163398.AJJP01000062_gene3161,AJJP01000062_gene3161,annotation&nbsp;not&nbsp;available,82.0
1163398.AJJP01000059_gene3114,AJJP01000059_gene3114,annotation&nbsp;not&nbsp;available,82.0
1163398.AJJP01000026_gene1289,AJJP01000026_gene1289,annotation&nbsp;not&nbsp;available,82.0
1163398.AJJP01000123_gene4841,AJJP01000123_gene4841,annotation&nbsp;not&nbsp;available,82.0
1163398.AJJP01000068_gene2409,AJJP01000068_gene2409,annotation&nbsp;not&nbsp;available,82.0
1163398.AJJP01000146_gene3494,AJJP01000146_gene3494,annotation&nbsp;not&nbsp;available,82.0
1163398.AJJP01000019_gene1182,AJJP01000019_gene1182,annotation&nbsp;not&nbsp;available,81.9
1163398.AJJP01000068_gene2412,AJJP01000068_gene2412,annotation&nbsp;not&nbsp;available,81.9
1163398.AJJP01000116_gene889,AJJP01000116_gene889,annotation&nbsp;not&nbsp;available,81.9
1163398.AJJP01000063_gene3130,AJJP01000063_gene3130,annotation&nbsp;not&nbsp;available,81.8
1163398.AJJP01000109_gene700,AJJP01000109_gene700,annotation&nbsp;not&nbsp;available,81.8
1163398.AJJP01000015_gene1773,AJJP01000015_gene1773,annotation&nbsp;not&nbsp;available,81.8
1163398.AJJP01000123_gene4808,AJJP01000123_gene4808,annotation&nbsp;not&nbsp;available,81.7
1163398.AJJP01000137_gene437,AJJP01000137_gene437,annotation&nbsp;not&nbsp;available,81.7
1163398.AJJP01000082_gene5026,AJJP01000082_gene5026,annotation&nbsp;not&nbsp;available,81.6
1163398.AJJP01000015_gene1778,AJJP01000015_gene1778,annotation&nbsp;not&nbsp;available,81.6
1163398.AJJP01000184_gene118,AJJP01000184_gene118,annotation&nbsp;not&nbsp;available,81.6
1163398.AJJP01000134_gene3823,AJJP01000134_gene3823,annotation&nbsp;not&nbsp;available,81.6
1163398.AJJP01000018_gene1228,AJJP01000018_gene1228,annotation&nbsp;not&nbsp;available,81.6
1163398.AJJP01000066_gene3252,AJJP01000066_gene3252,annotation&nbsp;not&nbsp;available,81.6
1163398.AJJP01000127_gene4722,AJJP01000127_gene4722,annotation&nbsp;not&nbsp;available,81.5
1163398.AJJP01000112_gene824,AJJP01000112_gene824,annotation&nbsp;not&nbsp;available,81.5
1163398.AJJP01000165_gene1671,AJJP01000165_gene1671,annotation&nbsp;not&nbsp;available,81.5
1163398.AJJP01000174_gene1080,AJJP01000174_gene1080,annotation&nbsp;not&nbsp;available,81.5
1163398.AJJP01000090_gene3676,AJJP01000090_gene3676,annotation&nbsp;not&nbsp;available,81.5
1163398.AJJP01000162_gene1655,AJJP01000162_gene1655,annotation&nbsp;not&nbsp;available,81.4
1163398.AJJP01000097_gene1272,AJJP01000097_gene1272,annotation&nbsp;not&nbsp;available,81.4
1163398.AJJP01000104_gene1455,AJJP01000104_gene1455,annotation&nbsp;not&nbsp;available,81.4
1163398.AJJP01000034_gene313,AJJP01000034_gene313,annotation&nbsp;not&nbsp;available,81.4
1163398.AJJP01000111_gene756,AJJP01000111_gene756,annotation&nbsp;not&nbsp;available,81.4
1163398.AJJP01000124_gene4697,AJJP01000124_gene4697,annotation&nbsp;not&nbsp;available,81.3
1163398.AJJP01000095_gene4057,AJJP01000095_gene4057,annotation&nbsp;not&nbsp;available,81.3
1163398.AJJP01000116_gene914,AJJP01000116_gene914,annotation&nbsp;not&nbsp;available,81.3
1163398.AJJP01000134_gene3842,AJJP01000134_gene3842,annotation&nbsp;not&nbsp;available,81.3
1163398.AJJP01000110_gene718,AJJP01000110_gene718,annotation&nbsp;not&nbsp;available,81.3
1163398.AJJP01000134_gene3914,AJJP01000134_gene3914,annotation&nbsp;not&nbsp;available,81.3
1163398.AJJP01000005_gene3364,AJJP01000005_gene3364,annotation&nbsp;not&nbsp;available,81.3
1163398.AJJP01000020_gene1399,AJJP01000020_gene1399,annotation&nbsp;not&nbsp;available,81.2
1163398.AJJP01000155_gene2745,AJJP01000155_gene2745,annotation&nbsp;not&nbsp;available,81.2
1163398.AJJP01000149_gene2700,AJJP01000149_gene2700,annotation&nbsp;not&nbsp;available,81.2
1163398.AJJP01000134_gene3884,AJJP01000134_gene3884,annotation&nbsp;not&nbsp;available,81.2
1163398.AJJP01000037_gene2271,AJJP01000037_gene2271,annotation&nbsp;not&nbsp;available,81.2
1163398.AJJP01000019_gene1183,AJJP01000019_gene1183,annotation&nbsp;not&nbsp;available,81.1
1163398.AJJP01000151_gene2938,AJJP01000151_gene2938,annotation&nbsp;not&nbsp;available,81.1
1163398.AJJP01000179_gene204,AJJP01000179_gene204,annotation&nbsp;not&nbsp;available,81.1
1163398.AJJP01000170_gene994,AJJP01000170_gene994,annotation&nbsp;not&nbsp;available,81.1
1163398.AJJP01000057_gene2045,AJJP01000057_gene2045,annotation&nbsp;not&nbsp;available,81.1
1163398.AJJP01000017_gene3963,AJJP01000017_gene3963,annotation&nbsp;not&nbsp;available,81.1
1163398.AJJP01000172_gene936,AJJP01000172_gene936,annotation&nbsp;not&nbsp;available,81.1
1163398.AJJP01000059_gene3116,AJJP01000059_gene3116,annotation&nbsp;not&nbsp;available,81.1
1163398.AJJP01000200_gene3608,AJJP01000200_gene3608,annotation&nbsp;not&nbsp;available,81.0
1163398.AJJP01000038_gene4634,AJJP01000038_gene4634,annotation&nbsp;not&nbsp;available,81.0
1163398.AJJP01000119_gene4475,AJJP01000119_gene4475,annotation&nbsp;not&nbsp;available,81.0
1163398.AJJP01000033_gene312,AJJP01000033_gene312,annotation&nbsp;not&nbsp;available,81.0
1163398.AJJP01000123_gene4842,AJJP01000123_gene4842,annotation&nbsp;not&nbsp;available,81.0
1163398.AJJP01000184_gene128,AJJP01000184_gene128,annotation&nbsp;not&nbsp;available,81.0
1163398.AJJP01000003_gene3305,AJJP01000003_gene3305,annotation&nbsp;not&nbsp;available,80.9
1163398.AJJP01000184_gene115,AJJP01000184_gene115,annotation&nbsp;not&nbsp;available,80.9
1163398.AJJP01000090_gene3634,AJJP01000090_gene3634,annotation&nbsp;not&nbsp;available,80.9
1163398.AJJP01000155_gene2749,AJJP01000155_gene2749,annotation&nbsp;not&nbsp;available,80.9
1163398.AJJP01000082_gene5037,AJJP01000082_gene5037,annotation&nbsp;not&nbsp;available,80.9
1163398.AJJP01000071_gene2640,AJJP01000071_gene2640,annotation&nbsp;not&nbsp;available,80.8
1163398.AJJP01000090_gene3666,AJJP01000090_gene3666,annotation&nbsp;not&nbsp;available,80.8
1163398.AJJP01000017_gene3949,AJJP01000017_gene3949,annotation&nbsp;not&nbsp;available,80.8
1163398.AJJP01000127_gene4713,AJJP01000127_gene4713,annotation&nbsp;not&nbsp;available,80.8
1163398.AJJP01000160_gene1640,AJJP01000160_gene1640,annotation&nbsp;not&nbsp;available,80.7
1163398.AJJP01000035_gene376,AJJP01000035_gene376,annotation&nbsp;not&nbsp;available,80.7
1163398.AJJP01000137_gene510,AJJP01000137_gene510,annotation&nbsp;not&nbsp;available,80.7
1163398.AJJP01000043_gene2335,AJJP01000043_gene2335,annotation&nbsp;not&nbsp;available,80.7
1163398.AJJP01000012_gene569,AJJP01000012_gene569,annotation&nbsp;not&nbsp;available,80.7
1163398.AJJP01000158_gene1763,AJJP01000158_gene1763,annotation&nbsp;not&nbsp;available,80.7
1163398.AJJP01000085_gene4872,AJJP01000085_gene4872,annotation&nbsp;not&nbsp;available,80.7
1163398.AJJP01000041_gene2274,AJJP01000041_gene2274,annotation&nbsp;not&nbsp;available,80.6
1163398.AJJP01000057_gene2023,AJJP01000057_gene2023,annotation&nbsp;not&nbsp;available,80.6
1163398.AJJP01000030_gene245,AJJP01000030_gene245,annotation&nbsp;not&nbsp;available,80.6
1163398.AJJP01000184_gene130,AJJP01000184_gene130,annotation&nbsp;not&nbsp;available,80.6
1163398.AJJP01000017_gene3956,AJJP01000017_gene3956,annotation&nbsp;not&nbsp;available,80.6
1163398.AJJP01000037_gene2268,AJJP01000037_gene2268,annotation&nbsp;not&nbsp;available,80.6
1163398.AJJP01000048_gene2134,AJJP01000048_gene2134,annotation&nbsp;not&nbsp;available,80.5
1163398.AJJP01000074_gene2507,AJJP01000074_gene2507,annotation&nbsp;not&nbsp;available,80.5
1163398.AJJP01000130_gene4458,AJJP01000130_gene4458,annotation&nbsp;not&nbsp;available,80.5
1163398.AJJP01000158_gene1752,AJJP01000158_gene1752,annotation&nbsp;not&nbsp;available,80.5
1163398.AJJP01000070_gene2621,AJJP01000070_gene2621,annotation&nbsp;not&nbsp;available,80.5
1163398.AJJP01000019_gene1188,AJJP01000019_gene1188,annotation&nbsp;not&nbsp;available,80.5
1163398.AJJP01000053_gene1847,AJJP01000053_gene1847,annotation&nbsp;not&nbsp;available,80.5
1163398.AJJP01000167_gene1687,AJJP01000167_gene1687,annotation&nbsp;not&nbsp;available,80.4
1163398.AJJP01000046_gene4319,AJJP01000046_gene4319,annotation&nbsp;not&nbsp;available,80.4
1163398.AJJP01000183_gene167,AJJP01000183_gene167,annotation&nbsp;not&nbsp;available,80.4
1163398.AJJP01000134_gene3892,AJJP01000134_gene3892,annotation&nbsp;not&nbsp;available,80.4
1163398.AJJP01000167_gene1725,AJJP01000167_gene1725,annotation&nbsp;not&nbsp;available,80.4
1163398.AJJP01000053_gene1840,AJJP01000053_gene1840,annotation&nbsp;not&nbsp;available,80.4
1163398.AJJP01000090_gene3670,AJJP01000090_gene3670,annotation&nbsp;not&nbsp;available,80.3
1163398.AJJP01000124_gene4686,AJJP01000124_gene4686,annotation&nbsp;not&nbsp;available,80.3
1163398.AJJP01000145_gene3504,AJJP01000145_gene3504,annotation&nbsp;not&nbsp;available,80.3
1163398.AJJP01000038_gene4646,AJJP01000038_gene4646,annotation&nbsp;not&nbsp;available,80.3
1163398.AJJP01000005_gene3370,AJJP01000005_gene3370,annotation&nbsp;not&nbsp;available,80.3
1163398.AJJP01000035_gene375,AJJP01000035_gene375,annotation&nbsp;not&nbsp;available,80.3
1163398.AJJP01000083_gene4975,AJJP01000083_gene4975,annotation&nbsp;not&nbsp;available,80.3
1163398.AJJP01000110_gene729,AJJP01000110_gene729,annotation&nbsp;not&nbsp;available,80.2
1163398.AJJP01000090_gene3673,AJJP01000090_gene3673,annotation&nbsp;not&nbsp;available,80.2
1163398.AJJP01000104_gene1460,AJJP01000104_gene1460,annotation&nbsp;not&nbsp;available,80.2
1163398.AJJP01000123_gene4835,AJJP01000123_gene4835,annotation&nbsp;not&nbsp;available,80.2
1163398.AJJP01000026_gene1282,AJJP01000026_gene1282,annotation&nbsp;not&nbsp;available,80.2
1163398.AJJP01000185_gene81,AJJP01000185_gene81,annotation&nbsp;not&nbsp;available,80.2
1163398.AJJP01000207_gene3580,AJJP01000207_gene3580,annotation&nbsp;not&nbsp;available,80.2
1163398.AJJP01000183_gene164,AJJP01000183_gene164,annotation&nbsp;not&nbsp;available,80.1
1163398.AJJP01000068_gene2419,AJJP01000068_gene2419,annotation&nbsp;not&nbsp;available,80.1
1163398.AJJP01000050_gene1849,AJJP01000050_gene1849,annotation&nbsp;not&nbsp;available,80.1
1163398.AJJP01000112_gene806,AJJP01000112_gene806,annotation&nbsp;not&nbsp;available,80.0
1163398.AJJP01000056_gene1932,AJJP01000056_gene1932,annotation&nbsp;not&nbsp;available,80.0
1163398.AJJP01000019_gene1173,AJJP01000019_gene1173,annotation&nbsp;not&nbsp;available,80.0
1163398.AJJP01000050_gene1888,AJJP01000050_gene1888,annotation&nbsp;not&nbsp;available,80.0
1163398.AJJP01000063_gene3135,AJJP01000063_gene3135,annotation&nbsp;not&nbsp;available,80.0
1163398.AJJP01000157_gene2832,AJJP01000157_gene2832,annotation&nbsp;not&nbsp;available,80.0
1163398.AJJP01000069_gene2453,AJJP01000069_gene2453,annotation&nbsp;not&nbsp;available,80.0
1163398.AJJP01000134_gene3859,AJJP01000134_gene3859,annotation&nbsp;not&nbsp;available,80.0
1163398.AJJP01000101_gene1512,AJJP01000101_gene1512,annotation&nbsp;not&nbsp;available,79.9
1163398.AJJP01000043_gene2340,AJJP01000043_gene2340,annotation&nbsp;not&nbsp;available,79.9
1163398.AJJP01000088_gene3782,AJJP01000088_gene3782,annotation&nbsp;not&nbsp;available,79.9
1163398.AJJP01000017_gene3935,AJJP01000017_gene3935,annotation&nbsp;not&nbsp;available,79.9
1163398.AJJP01000008_gene4149,AJJP01000008_gene4149,annotation&nbsp;not&nbsp;available,79.9
1163398.AJJP01000109_gene666,AJJP01000109_gene666,annotation&nbsp;not&nbsp;available,79.9
1163398.AJJP01000184_gene94,AJJP01000184_gene94,annotation&nbsp;not&nbsp;available,79.9
1163398.AJJP01000155_gene2781,AJJP01000155_gene2781,annotation&nbsp;not&nbsp;available,79.9
1163398.AJJP01000167_gene1729,AJJP01000167_gene1729,annotation&nbsp;not&nbsp;available,79.9
1163398.AJJP01000050_gene1871,AJJP01000050_gene1871,annotation&nbsp;not&nbsp;available,79.9
1163398.AJJP01000035_gene354,AJJP01000035_gene354,annotation&nbsp;not&nbsp;available,79.9
1163398.AJJP01000142_gene3409,AJJP01000142_gene3409,annotation&nbsp;not&nbsp;available,79.8
1163398.AJJP01000005_gene3365,AJJP01000005_gene3365,annotation&nbsp;not&nbsp;available,79.8
1163398.AJJP01000106_gene1426,AJJP01000106_gene1426,annotation&nbsp;not&nbsp;available,79.8
1163398.AJJP01000105_gene1449,AJJP01000105_gene1449,annotation&nbsp;not&nbsp;available,79.8
1163398.AJJP01000018_gene1262,AJJP01000018_gene1262,annotation&nbsp;not&nbsp;available,79.7
1163398.AJJP01000077_gene2588,AJJP01000077_gene2588,annotation&nbsp;not&nbsp;available,79.7
1163398.AJJP01000127_gene4717,AJJP01000127_gene4717,annotation&nbsp;not&nbsp;available,79.7
1163398.AJJP01000082_gene5022,AJJP01000082_gene5022,annotation&nbsp;not&nbsp;available,79.6
1163398.AJJP01000029_gene552,AJJP01000029_gene552,annotation&nbsp;not&nbsp;available,79.6
1163398.AJJP01000050_gene1860,AJJP01000050_gene1860,annotation&nbsp;not&nbsp;available,79.6
1163398.AJJP01000079_gene4175,AJJP01000079_gene4175,annotation&nbsp;not&nbsp;available,79.6
1163398.AJJP01000174_gene1088,AJJP01000174_gene1088,annotation&nbsp;not&nbsp;available,79.6
1163398.AJJP01000022_gene1343,AJJP01000022_gene1343,annotation&nbsp;not&nbsp;available,79.6
1163398.AJJP01000123_gene4823,AJJP01000123_gene4823,annotation&nbsp;not&nbsp;available,79.6
1163398.AJJP01000018_gene1255,AJJP01000018_gene1255,annotation&nbsp;not&nbsp;available,79.6
1163398.AJJP01000073_gene2403,AJJP01000073_gene2403,annotation&nbsp;not&nbsp;available,79.5
1163398.AJJP01000110_gene711,AJJP01000110_gene711,annotation&nbsp;not&nbsp;available,79.5
1163398.AJJP01000142_gene3432,AJJP01000142_gene3432,annotation&nbsp;not&nbsp;available,79.5
1163398.AJJP01000101_gene1506,AJJP01000101_gene1506,annotation&nbsp;not&nbsp;available,79.5
1163398.AJJP01000110_gene725,AJJP01000110_gene725,annotation&nbsp;not&nbsp;available,79.4
1163398.AJJP01000057_gene1995,AJJP01000057_gene1995,annotation&nbsp;not&nbsp;available,79.4
1163398.AJJP01000191_gene4283,AJJP01000191_gene4283,annotation&nbsp;not&nbsp;available,79.4
1163398.AJJP01000167_gene1711,AJJP01000167_gene1711,annotation&nbsp;not&nbsp;available,79.4
1163398.AJJP01000134_gene3863,AJJP01000134_gene3863,annotation&nbsp;not&nbsp;available,79.3
1163398.AJJP01000084_gene4884,AJJP01000084_gene4884,annotation&nbsp;not&nbsp;available,79.3
1163398.AJJP01000156_gene2801,AJJP01000156_gene2801,annotation&nbsp;not&nbsp;available,79.3
1163398.AJJP01000137_gene514,AJJP01000137_gene514,annotation&nbsp;not&nbsp;available,79.3
1163398.AJJP01000008_gene4129,AJJP01000008_gene4129,annotation&nbsp;not&nbsp;available,79.2
1163398.AJJP01000175_gene1106,AJJP01000175_gene1106,annotation&nbsp;not&nbsp;available,79.2
1163398.AJJP01000090_gene3677,AJJP01000090_gene3677,annotation&nbsp;not&nbsp;available,79.2
1163398.AJJP01000091_gene1549,AJJP01000091_gene1549,annotation&nbsp;not&nbsp;available,79.2
1163398.AJJP01000026_gene1308,AJJP01000026_gene1308,annotation&nbsp;not&nbsp;available,79.2
1163398.AJJP01000035_gene367,AJJP01000035_gene367,annotation&nbsp;not&nbsp;available,79.1
1163398.AJJP01000019_gene1178,AJJP01000019_gene1178,annotation&nbsp;not&nbsp;available,79.1
1163398.AJJP01000111_gene787,AJJP01000111_gene787,annotation&nbsp;not&nbsp;available,79.1
1163398.AJJP01000120_gene4796,AJJP01000120_gene4796,annotation&nbsp;not&nbsp;available,79.1
1163398.AJJP01000151_gene2919,AJJP01000151_gene2919,annotation&nbsp;not&nbsp;available,79.1
1163398.AJJP01000193_gene2219,AJJP01000193_gene2219,annotation&nbsp;not&nbsp;available,79.1
1163398.AJJP01000163_gene1652,AJJP01000163_gene1652,annotation&nbsp;not&nbsp;available,79.1
1163398.AJJP01000153_gene2993,AJJP01000153_gene2993,annotation&nbsp;not&nbsp;available,79.0
1163398.AJJP01000115_gene871,AJJP01000115_gene871,annotation&nbsp;not&nbsp;available,79.0
1163398.AJJP01000189_gene4236,AJJP01000189_gene4236,annotation&nbsp;not&nbsp;available,79.0
1163398.AJJP01000155_gene2731,AJJP01000155_gene2731,annotation&nbsp;not&nbsp;available,79.0
1163398.AJJP01000167_gene1726,AJJP01000167_gene1726,annotation&nbsp;not&nbsp;available,78.9
1163398.AJJP01000091_gene1571,AJJP01000091_gene1571,annotation&nbsp;not&nbsp;available,78.9
1163398.AJJP01000170_gene990,AJJP01000170_gene990,annotation&nbsp;not&nbsp;available,78.9
1163398.AJJP01000011_gene4536,AJJP01000011_gene4536,annotation&nbsp;not&nbsp;available,78.9
1163398.AJJP01000009_gene4104,AJJP01000009_gene4104,annotation&nbsp;not&nbsp;available,78.9
1163398.AJJP01000160_gene1601,AJJP01000160_gene1601,annotation&nbsp;not&nbsp;available,78.9
1163398.AJJP01000038_gene4627,AJJP01000038_gene4627,annotation&nbsp;not&nbsp;available,78.9
1163398.AJJP01000014_gene3731,AJJP01000014_gene3731,annotation&nbsp;not&nbsp;available,78.9
1163398.AJJP01000129_gene4052,AJJP01000129_gene4052,annotation&nbsp;not&nbsp;available,78.9
1163398.AJJP01000138_gene2180,AJJP01000138_gene2180,annotation&nbsp;not&nbsp;available,78.9
1163398.AJJP01000134_gene3852,AJJP01000134_gene3852,annotation&nbsp;not&nbsp;available,78.9
1163398.AJJP01000050_gene1870,AJJP01000050_gene1870,annotation&nbsp;not&nbsp;available,78.8
1163398.AJJP01000125_gene4661,AJJP01000125_gene4661,annotation&nbsp;not&nbsp;available,78.8
1163398.AJJP01000129_gene4042,AJJP01000129_gene4042,annotation&nbsp;not&nbsp;available,78.8
1163398.AJJP01000106_gene1429,AJJP01000106_gene1429,annotation&nbsp;not&nbsp;available,78.8
1163398.AJJP01000033_gene306,AJJP01000033_gene306,annotation&nbsp;not&nbsp;available,78.8
1163398.AJJP01000076_gene2564,AJJP01000076_gene2564,annotation&nbsp;not&nbsp;available,78.8
1163398.AJJP01000024_gene1335,AJJP01000024_gene1335,annotation&nbsp;not&nbsp;available,78.8
1163398.AJJP01000096_gene2234,AJJP01000096_gene2234,annotation&nbsp;not&nbsp;available,78.8
1163398.AJJP01000053_gene1842,AJJP01000053_gene1842,annotation&nbsp;not&nbsp;available,78.8
1163398.AJJP01000127_gene4710,AJJP01000127_gene4710,annotation&nbsp;not&nbsp;available,78.8
1163398.AJJP01000087_gene4925,AJJP01000087_gene4925,annotation&nbsp;not&nbsp;available,78.8
1163398.AJJP01000091_gene1558,AJJP01000091_gene1558,annotation&nbsp;not&nbsp;available,78.8
1163398.AJJP01000142_gene3430,AJJP01000142_gene3430,annotation&nbsp;not&nbsp;available,78.8
1163398.AJJP01000037_gene2259,AJJP01000037_gene2259,annotation&nbsp;not&nbsp;available,78.8
1163398.AJJP01000225_gene3098,AJJP01000225_gene3098,annotation&nbsp;not&nbsp;available,78.7
1163398.AJJP01000041_gene2284,AJJP01000041_gene2284,annotation&nbsp;not&nbsp;available,78.7
1163398.AJJP01000183_gene160,AJJP01000183_gene160,annotation&nbsp;not&nbsp;available,78.7
1163398.AJJP01000187_gene12,AJJP01000187_gene12,annotation&nbsp;not&nbsp;available,78.7
1163398.AJJP01000071_gene2661,AJJP01000071_gene2661,annotation&nbsp;not&nbsp;available,78.6
1163398.AJJP01000184_gene114,AJJP01000184_gene114,annotation&nbsp;not&nbsp;available,78.6
1163398.AJJP01000184_gene122,AJJP01000184_gene122,annotation&nbsp;not&nbsp;available,78.6
1163398.AJJP01000019_gene1200,AJJP01000019_gene1200,annotation&nbsp;not&nbsp;available,78.6
1163398.AJJP01000121_gene4778,AJJP01000121_gene4778,annotation&nbsp;not&nbsp;available,78.6
1163398.AJJP01000090_gene3671,AJJP01000090_gene3671,annotation&nbsp;not&nbsp;available,78.6
1163398.AJJP01000090_gene3647,AJJP01000090_gene3647,annotation&nbsp;not&nbsp;available,78.6
1163398.AJJP01000167_gene1732,AJJP01000167_gene1732,annotation&nbsp;not&nbsp;available,78.6
1163398.AJJP01000030_gene247,AJJP01000030_gene247,annotation&nbsp;not&nbsp;available,78.6
1163398.AJJP01000006_gene2111,AJJP01000006_gene2111,annotation&nbsp;not&nbsp;available,78.5
1163398.AJJP01000050_gene1875,AJJP01000050_gene1875,annotation&nbsp;not&nbsp;available,78.5
1163398.AJJP01000142_gene3427,AJJP01000142_gene3427,annotation&nbsp;not&nbsp;available,78.5
1163398.AJJP01000112_gene810,AJJP01000112_gene810,annotation&nbsp;not&nbsp;available,78.4
1163398.AJJP01000126_gene4755,AJJP01000126_gene4755,annotation&nbsp;not&nbsp;available,78.4
1163398.AJJP01000127_gene4735,AJJP01000127_gene4735,annotation&nbsp;not&nbsp;available,78.4
1163398.AJJP01000158_gene1759,AJJP01000158_gene1759,annotation&nbsp;not&nbsp;available,78.4
1163398.AJJP01000035_gene362,AJJP01000035_gene362,annotation&nbsp;not&nbsp;available,78.3
1163398.AJJP01000109_gene644,AJJP01000109_gene644,annotation&nbsp;not&nbsp;available,78.3
1163398.AJJP01000050_gene1867,AJJP01000050_gene1867,annotation&nbsp;not&nbsp;available,78.3
1163398.AJJP01000083_gene5001,AJJP01000083_gene5001,annotation&nbsp;not&nbsp;available,78.3
1163398.AJJP01000109_gene670,AJJP01000109_gene670,annotation&nbsp;not&nbsp;available,78.3
1163398.AJJP01000134_gene3876,AJJP01000134_gene3876,annotation&nbsp;not&nbsp;available,78.2
1163398.AJJP01000036_gene398,AJJP01000036_gene398,annotation&nbsp;not&nbsp;available,78.2
1163398.AJJP01000156_gene2821,AJJP01000156_gene2821,annotation&nbsp;not&nbsp;available,78.2
1163398.AJJP01000189_gene4239,AJJP01000189_gene4239,annotation&nbsp;not&nbsp;available,78.2
1163398.AJJP01000092_gene4073,AJJP01000092_gene4073,annotation&nbsp;not&nbsp;available,78.2
1163398.AJJP01000070_gene2615,AJJP01000070_gene2615,annotation&nbsp;not&nbsp;available,78.2
1163398.AJJP01000096_gene2232,AJJP01000096_gene2232,annotation&nbsp;not&nbsp;available,78.2
1163398.AJJP01000082_gene5025,AJJP01000082_gene5025,annotation&nbsp;not&nbsp;available,78.1
1163398.AJJP01000057_gene2006,AJJP01000057_gene2006,annotation&nbsp;not&nbsp;available,78.1
1163398.AJJP01000160_gene1599,AJJP01000160_gene1599,annotation&nbsp;not&nbsp;available,78.1
1163398.AJJP01000170_gene1033,AJJP01000170_gene1033,annotation&nbsp;not&nbsp;available,78.1
1163398.AJJP01000087_gene4898,AJJP01000087_gene4898,annotation&nbsp;not&nbsp;available,78.1
1163398.AJJP01000019_gene1180,AJJP01000019_gene1180,annotation&nbsp;not&nbsp;available,78.1
1163398.AJJP01000185_gene55,AJJP01000185_gene55,annotation&nbsp;not&nbsp;available,78.1
1163398.AJJP01000140_gene3461,AJJP01000140_gene3461,annotation&nbsp;not&nbsp;available,78.1
1163398.AJJP01000050_gene1868,AJJP01000050_gene1868,annotation&nbsp;not&nbsp;available,78.0
1163398.AJJP01000071_gene2644,AJJP01000071_gene2644,annotation&nbsp;not&nbsp;available,78.0
1163398.AJJP01000022_gene1355,AJJP01000022_gene1355,annotation&nbsp;not&nbsp;available,78.0
1163398.AJJP01000170_gene983,AJJP01000170_gene983,annotation&nbsp;not&nbsp;available,78.0
1163398.AJJP01000134_gene3872,AJJP01000134_gene3872,annotation&nbsp;not&nbsp;available,78.0
1163398.AJJP01000001_gene3322,AJJP01000001_gene3322,annotation&nbsp;not&nbsp;available,78.0
1163398.AJJP01000152_gene2978,AJJP01000152_gene2978,annotation&nbsp;not&nbsp;available,77.9
1163398.AJJP01000189_gene4238,AJJP01000189_gene4238,annotation&nbsp;not&nbsp;available,77.9
1163398.AJJP01000134_gene3870,AJJP01000134_gene3870,annotation&nbsp;not&nbsp;available,77.9
1163398.AJJP01000029_gene550,AJJP01000029_gene550,annotation&nbsp;not&nbsp;available,77.9
1163398.AJJP01000167_gene1683,AJJP01000167_gene1683,annotation&nbsp;not&nbsp;available,77.9
1163398.AJJP01000005_gene3369,AJJP01000005_gene3369,annotation&nbsp;not&nbsp;available,77.9
1163398.AJJP01000061_gene3175,AJJP01000061_gene3175,annotation&nbsp;not&nbsp;available,77.8
1163398.AJJP01000170_gene1011,AJJP01000170_gene1011,annotation&nbsp;not&nbsp;available,77.8
1163398.AJJP01000186_gene25,AJJP01000186_gene25,annotation&nbsp;not&nbsp;available,77.7
1163398.AJJP01000017_gene3955,AJJP01000017_gene3955,annotation&nbsp;not&nbsp;available,77.7
1163398.AJJP01000105_gene1442,AJJP01000105_gene1442,annotation&nbsp;not&nbsp;available,77.7
1163398.AJJP01000116_gene911,AJJP01000116_gene911,annotation&nbsp;not&nbsp;available,77.7
1163398.AJJP01000200_gene3607,AJJP01000200_gene3607,annotation&nbsp;not&nbsp;available,77.7
1163398.AJJP01000101_gene1504,AJJP01000101_gene1504,annotation&nbsp;not&nbsp;available,77.7
1163398.AJJP01000123_gene4839,AJJP01000123_gene4839,annotation&nbsp;not&nbsp;available,77.7
1163398.AJJP01000087_gene4909,AJJP01000087_gene4909,annotation&nbsp;not&nbsp;available,77.6
1163398.AJJP01000185_gene66,AJJP01000185_gene66,annotation&nbsp;not&nbsp;available,77.6
1163398.AJJP01000022_gene1341,AJJP01000022_gene1341,annotation&nbsp;not&nbsp;available,77.6
1163398.AJJP01000074_gene2477,AJJP01000074_gene2477,annotation&nbsp;not&nbsp;available,77.6
1163398.AJJP01000019_gene1210,AJJP01000019_gene1210,annotation&nbsp;not&nbsp;available,77.6
1163398.AJJP01000091_gene1554,AJJP01000091_gene1554,annotation&nbsp;not&nbsp;available,77.6
1163398.AJJP01000204_gene3551,AJJP01000204_gene3551,annotation&nbsp;not&nbsp;available,77.5
1163398.AJJP01000160_gene1615,AJJP01000160_gene1615,annotation&nbsp;not&nbsp;available,77.5
1163398.AJJP01000108_gene624,AJJP01000108_gene624,annotation&nbsp;not&nbsp;available,77.5
1163398.AJJP01000149_gene2706,AJJP01000149_gene2706,annotation&nbsp;not&nbsp;available,77.5
1163398.AJJP01000018_gene1234,AJJP01000018_gene1234,annotation&nbsp;not&nbsp;available,77.5
1163398.AJJP01000116_gene886,AJJP01000116_gene886,annotation&nbsp;not&nbsp;available,77.5
1163398.AJJP01000018_gene1245,AJJP01000018_gene1245,annotation&nbsp;not&nbsp;available,77.4
1163398.AJJP01000050_gene1917,AJJP01000050_gene1917,annotation&nbsp;not&nbsp;available,77.4
1163398.AJJP01000048_gene2153,AJJP01000048_gene2153,annotation&nbsp;not&nbsp;available,77.4
1163398.AJJP01000017_gene3976,AJJP01000017_gene3976,annotation&nbsp;not&nbsp;available,77.4
1163398.AJJP01000168_gene1119,AJJP01000168_gene1119,annotation&nbsp;not&nbsp;available,77.4
1163398.AJJP01000018_gene1243,AJJP01000018_gene1243,annotation&nbsp;not&nbsp;available,77.4
1163398.AJJP01000079_gene4181,AJJP01000079_gene4181,annotation&nbsp;not&nbsp;available,77.4
1163398.AJJP01000134_gene3849,AJJP01000134_gene3849,annotation&nbsp;not&nbsp;available,77.4
1163398.AJJP01000019_gene1184,AJJP01000019_gene1184,annotation&nbsp;not&nbsp;available,77.4
1163398.AJJP01000184_gene116,AJJP01000184_gene116,annotation&nbsp;not&nbsp;available,77.4
1163398.AJJP01000024_gene1332,AJJP01000024_gene1332,annotation&nbsp;not&nbsp;available,77.3
1163398.AJJP01000012_gene565,AJJP01000012_gene565,annotation&nbsp;not&nbsp;available,77.3
1163398.AJJP01000003_gene3296,AJJP01000003_gene3296,annotation&nbsp;not&nbsp;available,77.3
1163398.AJJP01000074_gene2480,AJJP01000074_gene2480,annotation&nbsp;not&nbsp;available,77.3
1163398.AJJP01000079_gene4211,AJJP01000079_gene4211,annotation&nbsp;not&nbsp;available,77.3
1163398.AJJP01000083_gene4998,AJJP01000083_gene4998,annotation&nbsp;not&nbsp;available,77.3
1163398.AJJP01000109_gene708,AJJP01000109_gene708,annotation&nbsp;not&nbsp;available,77.3
1163398.AJJP01000038_gene4633,AJJP01000038_gene4633,annotation&nbsp;not&nbsp;available,77.3
1163398.AJJP01000162_gene1656,AJJP01000162_gene1656,annotation&nbsp;not&nbsp;available,77.2
1163398.AJJP01000188_gene4225,AJJP01000188_gene4225,annotation&nbsp;not&nbsp;available,77.2
1163398.AJJP01000066_gene3241,AJJP01000066_gene3241,annotation&nbsp;not&nbsp;available,77.2
1163398.AJJP01000137_gene497,AJJP01000137_gene497,annotation&nbsp;not&nbsp;available,77.2
1163398.AJJP01000022_gene1364,AJJP01000022_gene1364,annotation&nbsp;not&nbsp;available,77.2
1163398.AJJP01000008_gene4136,AJJP01000008_gene4136,annotation&nbsp;not&nbsp;available,77.1
1163398.AJJP01000124_gene4682,AJJP01000124_gene4682,annotation&nbsp;not&nbsp;available,77.1
1163398.AJJP01000109_gene635,AJJP01000109_gene635,annotation&nbsp;not&nbsp;available,77.1
1163398.AJJP01000024_gene1330,AJJP01000024_gene1330,annotation&nbsp;not&nbsp;available,77.1
1163398.AJJP01000068_gene2414,AJJP01000068_gene2414,annotation&nbsp;not&nbsp;available,77.1
1163398.AJJP01000037_gene2258,AJJP01000037_gene2258,annotation&nbsp;not&nbsp;available,77.1
1163398.AJJP01000101_gene1510,AJJP01000101_gene1510,annotation&nbsp;not&nbsp;available,77.1
1163398.AJJP01000118_gene4621,AJJP01000118_gene4621,annotation&nbsp;not&nbsp;available,77.1
1163398.AJJP01000134_gene3875,AJJP01000134_gene3875,annotation&nbsp;not&nbsp;available,77.0
1163398.AJJP01000126_gene4756,AJJP01000126_gene4756,annotation&nbsp;not&nbsp;available,77.0
1163398.AJJP01000022_gene1356,AJJP01000022_gene1356,annotation&nbsp;not&nbsp;available,77.0
1163398.AJJP01000076_gene2565,AJJP01000076_gene2565,annotation&nbsp;not&nbsp;available,77.0
1163398.AJJP01000134_gene3846,AJJP01000134_gene3846,annotation&nbsp;not&nbsp;available,77.0
1163398.AJJP01000024_gene1334,AJJP01000024_gene1334,annotation&nbsp;not&nbsp;available,77.0
1163398.AJJP01000001_gene3331,AJJP01000001_gene3331,annotation&nbsp;not&nbsp;available,77.0
1163398.AJJP01000003_gene3300,AJJP01000003_gene3300,annotation&nbsp;not&nbsp;available,77.0
1163398.AJJP01000183_gene162,AJJP01000183_gene162,annotation&nbsp;not&nbsp;available,77.0
1163398.AJJP01000078_gene4483,AJJP01000078_gene4483,annotation&nbsp;not&nbsp;available,77.0
1163398.AJJP01000222_gene3764,AJJP01000222_gene3764,annotation&nbsp;not&nbsp;available,76.9
1163398.AJJP01000100_gene1521,AJJP01000100_gene1521,annotation&nbsp;not&nbsp;available,76.9
1163398.AJJP01000046_gene4342,AJJP01000046_gene4342,annotation&nbsp;not&nbsp;available,76.9
1163398.AJJP01000127_gene4732,AJJP01000127_gene4732,annotation&nbsp;not&nbsp;available,76.9
1163398.AJJP01000019_gene1214,AJJP01000019_gene1214,annotation&nbsp;not&nbsp;available,76.9
1163398.AJJP01000214_gene3056,AJJP01000214_gene3056,annotation&nbsp;not&nbsp;available,76.8
1163398.AJJP01000157_gene2841,AJJP01000157_gene2841,annotation&nbsp;not&nbsp;available,76.8
1163398.AJJP01000083_gene4983,AJJP01000083_gene4983,annotation&nbsp;not&nbsp;available,76.8
1163398.AJJP01000157_gene2839,AJJP01000157_gene2839,annotation&nbsp;not&nbsp;available,76.7
1163398.AJJP01000155_gene2791,AJJP01000155_gene2791,annotation&nbsp;not&nbsp;available,76.7
1163398.AJJP01000104_gene1468,AJJP01000104_gene1468,annotation&nbsp;not&nbsp;available,76.7
1163398.AJJP01000185_gene58,AJJP01000185_gene58,annotation&nbsp;not&nbsp;available,76.7
1163398.AJJP01000019_gene1209,AJJP01000019_gene1209,annotation&nbsp;not&nbsp;available,76.7
1163398.AJJP01000043_gene2332,AJJP01000043_gene2332,annotation&nbsp;not&nbsp;available,76.6
1163398.AJJP01000021_gene1376,AJJP01000021_gene1376,annotation&nbsp;not&nbsp;available,76.6
1163398.AJJP01000142_gene3423,AJJP01000142_gene3423,annotation&nbsp;not&nbsp;available,76.6
1163398.AJJP01000033_gene292,AJJP01000033_gene292,annotation&nbsp;not&nbsp;available,76.6
1163398.AJJP01000131_gene4007,AJJP01000131_gene4007,annotation&nbsp;not&nbsp;available,76.6
1163398.AJJP01000038_gene4652,AJJP01000038_gene4652,annotation&nbsp;not&nbsp;available,76.6
1163398.AJJP01000029_gene558,AJJP01000029_gene558,annotation&nbsp;not&nbsp;available,76.5
1163398.AJJP01000189_gene4245,AJJP01000189_gene4245,annotation&nbsp;not&nbsp;available,76.5
1163398.AJJP01000179_gene190,AJJP01000179_gene190,annotation&nbsp;not&nbsp;available,76.5
1163398.AJJP01000011_gene4577,AJJP01000011_gene4577,annotation&nbsp;not&nbsp;available,76.5
1163398.AJJP01000003_gene3308,AJJP01000003_gene3308,annotation&nbsp;not&nbsp;available,76.5
1163398.AJJP01000160_gene1620,AJJP01000160_gene1620,annotation&nbsp;not&nbsp;available,76.5
1163398.AJJP01000025_gene1316,AJJP01000025_gene1316,annotation&nbsp;not&nbsp;available,76.5
1163398.AJJP01000049_gene2160,AJJP01000049_gene2160,annotation&nbsp;not&nbsp;available,76.5
1163398.AJJP01000046_gene4324,AJJP01000046_gene4324,annotation&nbsp;not&nbsp;available,76.5
1163398.AJJP01000152_gene2982,AJJP01000152_gene2982,annotation&nbsp;not&nbsp;available,76.4
1163398.AJJP01000129_gene4016,AJJP01000129_gene4016,annotation&nbsp;not&nbsp;available,76.4
1163398.AJJP01000033_gene298,AJJP01000033_gene298,annotation&nbsp;not&nbsp;available,76.4
1163398.AJJP01000050_gene1881,AJJP01000050_gene1881,annotation&nbsp;not&nbsp;available,76.4
1163398.AJJP01000208_gene3014,AJJP01000208_gene3014,annotation&nbsp;not&nbsp;available,76.4
1163398.AJJP01000116_gene880,AJJP01000116_gene880,annotation&nbsp;not&nbsp;available,76.3
1163398.AJJP01000011_gene4516,AJJP01000011_gene4516,annotation&nbsp;not&nbsp;available,76.3
1163398.AJJP01000022_gene1367,AJJP01000022_gene1367,annotation&nbsp;not&nbsp;available,76.2
1163398.AJJP01000169_gene1161,AJJP01000169_gene1161,annotation&nbsp;not&nbsp;available,76.2
1163398.AJJP01000043_gene2325,AJJP01000043_gene2325,annotation&nbsp;not&nbsp;available,76.2
1163398.AJJP01000057_gene2009,AJJP01000057_gene2009,annotation&nbsp;not&nbsp;available,76.2
1163398.AJJP01000008_gene4156,AJJP01000008_gene4156,annotation&nbsp;not&nbsp;available,76.2
1163398.AJJP01000017_gene3987,AJJP01000017_gene3987,annotation&nbsp;not&nbsp;available,76.2
1163398.AJJP01000008_gene4125,AJJP01000008_gene4125,annotation&nbsp;not&nbsp;available,76.1
1163398.AJJP01000035_gene382,AJJP01000035_gene382,annotation&nbsp;not&nbsp;available,76.1
1163398.AJJP01000018_gene1253,AJJP01000018_gene1253,annotation&nbsp;not&nbsp;available,76.1
1163398.AJJP01000123_gene4866,AJJP01000123_gene4866,annotation&nbsp;not&nbsp;available,76.1
1163398.AJJP01000166_gene1742,AJJP01000166_gene1742,annotation&nbsp;not&nbsp;available,76.1
1163398.AJJP01000026_gene1297,AJJP01000026_gene1297,annotation&nbsp;not&nbsp;available,76.1
1163398.AJJP01000017_gene3972,AJJP01000017_gene3972,annotation&nbsp;not&nbsp;available,76.1
1163398.AJJP01000032_gene282,AJJP01000032_gene282,annotation&nbsp;not&nbsp;available,76.0
1163398.AJJP01000033_gene297,AJJP01000033_gene297,annotation&nbsp;not&nbsp;available,76.0
1163398.AJJP01000158_gene1758,AJJP01000158_gene1758,annotation&nbsp;not&nbsp;available,76.0
1163398.AJJP01000170_gene1026,AJJP01000170_gene1026,annotation&nbsp;not&nbsp;available,76.0
1163398.AJJP01000053_gene1848,AJJP01000053_gene1848,annotation&nbsp;not&nbsp;available,76.0
1163398.AJJP01000197_gene4433,AJJP01000197_gene4433,annotation&nbsp;not&nbsp;available,76.0
1163398.AJJP01000203_gene3618,AJJP01000203_gene3618,annotation&nbsp;not&nbsp;available,76.0
1163398.AJJP01000192_gene4291,AJJP01000192_gene4291,annotation&nbsp;not&nbsp;available,75.9
1163398.AJJP01000170_gene1006,AJJP01000170_gene1006,annotation&nbsp;not&nbsp;available,75.9
1163398.AJJP01000193_gene2205,AJJP01000193_gene2205,annotation&nbsp;not&nbsp;available,75.9
1163398.AJJP01000168_gene1141,AJJP01000168_gene1141,annotation&nbsp;not&nbsp;available,75.9
1163398.AJJP01000111_gene763,AJJP01000111_gene763,annotation&nbsp;not&nbsp;available,75.9
1163398.AJJP01000116_gene903,AJJP01000116_gene903,annotation&nbsp;not&nbsp;available,75.9
1163398.AJJP01000219_gene2398,AJJP01000219_gene2398,annotation&nbsp;not&nbsp;available,75.9
1163398.AJJP01000022_gene1365,AJJP01000022_gene1365,annotation&nbsp;not&nbsp;available,75.8
1163398.AJJP01000037_gene2250,AJJP01000037_gene2250,annotation&nbsp;not&nbsp;available,75.8
1163398.AJJP01000134_gene3857,AJJP01000134_gene3857,annotation&nbsp;not&nbsp;available,75.8
1163398.AJJP01000138_gene2171,AJJP01000138_gene2171,annotation&nbsp;not&nbsp;available,75.8
1163398.AJJP01000144_gene3506,AJJP01000144_gene3506,annotation&nbsp;not&nbsp;available,75.8
1163398.AJJP01000201_gene3601,AJJP01000201_gene3601,annotation&nbsp;not&nbsp;available,75.7
1163398.AJJP01000079_gene4187,AJJP01000079_gene4187,annotation&nbsp;not&nbsp;available,75.7
1163398.AJJP01000184_gene102,AJJP01000184_gene102,annotation&nbsp;not&nbsp;available,75.7
1163398.AJJP01000018_gene1226,AJJP01000018_gene1226,annotation&nbsp;not&nbsp;available,75.7
1163398.AJJP01000134_gene3889,AJJP01000134_gene3889,annotation&nbsp;not&nbsp;available,75.7
1163398.AJJP01000193_gene2218,AJJP01000193_gene2218,annotation&nbsp;not&nbsp;available,75.7
1163398.AJJP01000049_gene2154,AJJP01000049_gene2154,annotation&nbsp;not&nbsp;available,75.7
1163398.AJJP01000008_gene4162,AJJP01000008_gene4162,annotation&nbsp;not&nbsp;available,75.7
1163398.AJJP01000078_gene4511,AJJP01000078_gene4511,annotation&nbsp;not&nbsp;available,75.7
1163398.AJJP01000184_gene106,AJJP01000184_gene106,annotation&nbsp;not&nbsp;available,75.6
1163398.AJJP01000161_gene1585,AJJP01000161_gene1585,annotation&nbsp;not&nbsp;available,75.6
1163398.AJJP01000060_gene3211,AJJP01000060_gene3211,annotation&nbsp;not&nbsp;available,75.6
1163398.AJJP01000124_gene4683,AJJP01000124_gene4683,annotation&nbsp;not&nbsp;available,75.6
1163398.AJJP01000116_gene900,AJJP01000116_gene900,annotation&nbsp;not&nbsp;available,75.6
1163398.AJJP01000095_gene4055,AJJP01000095_gene4055,annotation&nbsp;not&nbsp;available,75.6
1163398.AJJP01000088_gene3768,AJJP01000088_gene3768,annotation&nbsp;not&nbsp;available,75.6
1163398.AJJP01000056_gene1967,AJJP01000056_gene1967,annotation&nbsp;not&nbsp;available,75.6
1163398.AJJP01000039_gene3083,AJJP01000039_gene3083,annotation&nbsp;not&nbsp;available,75.5
1163398.AJJP01000047_gene2375,AJJP01000047_gene2375,annotation&nbsp;not&nbsp;available,75.5
1163398.AJJP01000197_gene4408,AJJP01000197_gene4408,annotation&nbsp;not&nbsp;available,75.5
1163398.AJJP01000179_gene211,AJJP01000179_gene211,annotation&nbsp;not&nbsp;available,75.5
1163398.AJJP01000170_gene1038,AJJP01000170_gene1038,annotation&nbsp;not&nbsp;available,75.5
1163398.AJJP01000134_gene3853,AJJP01000134_gene3853,annotation&nbsp;not&nbsp;available,75.5
1163398.AJJP01000124_gene4703,AJJP01000124_gene4703,annotation&nbsp;not&nbsp;available,75.5
1163398.AJJP01000012_gene568,AJJP01000012_gene568,annotation&nbsp;not&nbsp;available,75.5
1163398.AJJP01000185_gene70,AJJP01000185_gene70,annotation&nbsp;not&nbsp;available,75.5
1163398.AJJP01000053_gene1838,AJJP01000053_gene1838,annotation&nbsp;not&nbsp;available,75.4
1163398.AJJP01000138_gene2176,AJJP01000138_gene2176,annotation&nbsp;not&nbsp;available,75.4
1163398.AJJP01000110_gene748,AJJP01000110_gene748,annotation&nbsp;not&nbsp;available,75.4
1163398.AJJP01000205_gene3549,AJJP01000205_gene3549,annotation&nbsp;not&nbsp;available,75.4
1163398.AJJP01000150_gene2892,AJJP01000150_gene2892,annotation&nbsp;not&nbsp;available,75.4
1163398.AJJP01000179_gene188,AJJP01000179_gene188,annotation&nbsp;not&nbsp;available,75.4
1163398.AJJP01000035_gene347,AJJP01000035_gene347,annotation&nbsp;not&nbsp;available,75.3
1163398.AJJP01000057_gene1991,AJJP01000057_gene1991,annotation&nbsp;not&nbsp;available,75.3
1163398.AJJP01000061_gene3178,AJJP01000061_gene3178,annotation&nbsp;not&nbsp;available,75.3
1163398.AJJP01000041_gene2287,AJJP01000041_gene2287,annotation&nbsp;not&nbsp;available,75.3
1163398.AJJP01000046_gene4352,AJJP01000046_gene4352,annotation&nbsp;not&nbsp;available,75.3
1163398.AJJP01000050_gene1861,AJJP01000050_gene1861,annotation&nbsp;not&nbsp;available,75.3
1163398.AJJP01000161_gene1581,AJJP01000161_gene1581,annotation&nbsp;not&nbsp;available,75.3
1163398.AJJP01000012_gene580,AJJP01000012_gene580,annotation&nbsp;not&nbsp;available,75.3
1163398.AJJP01000008_gene4133,AJJP01000008_gene4133,annotation&nbsp;not&nbsp;available,75.2
1163398.AJJP01000184_gene105,AJJP01000184_gene105,annotation&nbsp;not&nbsp;available,75.2
1163398.AJJP01000183_gene142,AJJP01000183_gene142,annotation&nbsp;not&nbsp;available,75.2
1163398.AJJP01000183_gene169,AJJP01000183_gene169,annotation&nbsp;not&nbsp;available,75.2
1163398.AJJP01000018_gene1222,AJJP01000018_gene1222,annotation&nbsp;not&nbsp;available,75.2
1163398.AJJP01000063_gene3136,AJJP01000063_gene3136,annotation&nbsp;not&nbsp;available,75.1
1163398.AJJP01000015_gene1775,AJJP01000015_gene1775,annotation&nbsp;not&nbsp;available,75.1
1163398.AJJP01000160_gene1621,AJJP01000160_gene1621,annotation&nbsp;not&nbsp;available,75.1
1163398.AJJP01000103_gene1491,AJJP01000103_gene1491,annotation&nbsp;not&nbsp;available,75.1
1163398.AJJP01000008_gene4130,AJJP01000008_gene4130,annotation&nbsp;not&nbsp;available,75.1
1163398.AJJP01000189_gene4243,AJJP01000189_gene4243,annotation&nbsp;not&nbsp;available,75.1
1163398.AJJP01000180_gene181,AJJP01000180_gene181,annotation&nbsp;not&nbsp;available,75.1
1163398.AJJP01000077_gene2582,AJJP01000077_gene2582,annotation&nbsp;not&nbsp;available,75.0
1163398.AJJP01000160_gene1637,AJJP01000160_gene1637,annotation&nbsp;not&nbsp;available,74.9
1163398.AJJP01000212_gene3066,AJJP01000212_gene3066,annotation&nbsp;not&nbsp;available,74.9
1163398.AJJP01000017_gene3944,AJJP01000017_gene3944,annotation&nbsp;not&nbsp;available,74.9
1163398.AJJP01000035_gene389,AJJP01000035_gene389,annotation&nbsp;not&nbsp;available,74.9
1163398.AJJP01000057_gene2015,AJJP01000057_gene2015,annotation&nbsp;not&nbsp;available,74.9
1163398.AJJP01000208_gene3027,AJJP01000208_gene3027,annotation&nbsp;not&nbsp;available,74.9
1163398.AJJP01000046_gene4343,AJJP01000046_gene4343,annotation&nbsp;not&nbsp;available,74.9
1163398.AJJP01000037_gene2264,AJJP01000037_gene2264,annotation&nbsp;not&nbsp;available,74.9
1163398.AJJP01000026_gene1311,AJJP01000026_gene1311,annotation&nbsp;not&nbsp;available,74.9
1163398.AJJP01000008_gene4131,AJJP01000008_gene4131,annotation&nbsp;not&nbsp;available,74.8
1163398.AJJP01000155_gene2730,AJJP01000155_gene2730,annotation&nbsp;not&nbsp;available,74.8
1163398.AJJP01000011_gene4592,AJJP01000011_gene4592,annotation&nbsp;not&nbsp;available,74.8
1163398.AJJP01000140_gene3457,AJJP01000140_gene3457,annotation&nbsp;not&nbsp;available,74.7
1163398.AJJP01000049_gene2157,AJJP01000049_gene2157,annotation&nbsp;not&nbsp;available,74.7
1163398.AJJP01000069_gene2427,AJJP01000069_gene2427,annotation&nbsp;not&nbsp;available,74.7
1163398.AJJP01000044_gene2359,AJJP01000044_gene2359,annotation&nbsp;not&nbsp;available,74.7
1163398.AJJP01000134_gene3869,AJJP01000134_gene3869,annotation&nbsp;not&nbsp;available,74.7
1163398.AJJP01000112_gene808,AJJP01000112_gene808,annotation&nbsp;not&nbsp;available,74.7
1163398.AJJP01000158_gene1761,AJJP01000158_gene1761,annotation&nbsp;not&nbsp;available,74.7
1163398.AJJP01000008_gene4109,AJJP01000008_gene4109,annotation&nbsp;not&nbsp;available,74.7
1163398.AJJP01000053_gene1845,AJJP01000053_gene1845,annotation&nbsp;not&nbsp;available,74.7
1163398.AJJP01000170_gene995,AJJP01000170_gene995,annotation&nbsp;not&nbsp;available,74.6
1163398.AJJP01000082_gene5029,AJJP01000082_gene5029,annotation&nbsp;not&nbsp;available,74.6
1163398.AJJP01000157_gene2878,AJJP01000157_gene2878,annotation&nbsp;not&nbsp;available,74.6
1163398.AJJP01000071_gene2650,AJJP01000071_gene2650,annotation&nbsp;not&nbsp;available,74.6
1163398.AJJP01000185_gene44,AJJP01000185_gene44,annotation&nbsp;not&nbsp;available,74.5
1163398.AJJP01000066_gene3223,AJJP01000066_gene3223,annotation&nbsp;not&nbsp;available,74.5
1163398.AJJP01000019_gene1199,AJJP01000019_gene1199,annotation&nbsp;not&nbsp;available,74.4
1163398.AJJP01000047_gene2373,AJJP01000047_gene2373,annotation&nbsp;not&nbsp;available,74.4
1163398.AJJP01000055_gene2087,AJJP01000055_gene2087,annotation&nbsp;not&nbsp;available,74.4
1163398.AJJP01000160_gene1592,AJJP01000160_gene1592,annotation&nbsp;not&nbsp;available,74.4
1163398.AJJP01000032_gene270,AJJP01000032_gene270,annotation&nbsp;not&nbsp;available,74.4
1163398.AJJP01000005_gene3367,AJJP01000005_gene3367,annotation&nbsp;not&nbsp;available,74.4
1163398.AJJP01000057_gene2052,AJJP01000057_gene2052,annotation&nbsp;not&nbsp;available,74.4
1163398.AJJP01000054_gene2072,AJJP01000054_gene2072,annotation&nbsp;not&nbsp;available,74.4
1163398.AJJP01000017_gene3993,AJJP01000017_gene3993,annotation&nbsp;not&nbsp;available,74.4
1163398.AJJP01000110_gene742,AJJP01000110_gene742,annotation&nbsp;not&nbsp;available,74.4
1163398.AJJP01000188_gene4230,AJJP01000188_gene4230,annotation&nbsp;not&nbsp;available,74.3
1163398.AJJP01000185_gene83,AJJP01000185_gene83,annotation&nbsp;not&nbsp;available,74.3
1163398.AJJP01000030_gene239,AJJP01000030_gene239,annotation&nbsp;not&nbsp;available,74.3
1163398.AJJP01000113_gene838,AJJP01000113_gene838,annotation&nbsp;not&nbsp;available,74.2
1163398.AJJP01000035_gene363,AJJP01000035_gene363,annotation&nbsp;not&nbsp;available,74.2
1163398.AJJP01000086_gene4944,AJJP01000086_gene4944,annotation&nbsp;not&nbsp;available,74.2
1163398.AJJP01000183_gene168,AJJP01000183_gene168,annotation&nbsp;not&nbsp;available,74.2
1163398.AJJP01000033_gene311,AJJP01000033_gene311,annotation&nbsp;not&nbsp;available,74.1
1163398.AJJP01000050_gene1911,AJJP01000050_gene1911,annotation&nbsp;not&nbsp;available,74.1
1163398.AJJP01000031_gene267,AJJP01000031_gene267,annotation&nbsp;not&nbsp;available,74.1
1163398.AJJP01000081_gene4962,AJJP01000081_gene4962,annotation&nbsp;not&nbsp;available,74.1
1163398.AJJP01000114_gene848,AJJP01000114_gene848,annotation&nbsp;not&nbsp;available,74.1
1163398.AJJP01000137_gene496,AJJP01000137_gene496,annotation&nbsp;not&nbsp;available,74.0
1163398.AJJP01000142_gene3411,AJJP01000142_gene3411,annotation&nbsp;not&nbsp;available,74.0
1163398.AJJP01000012_gene605,AJJP01000012_gene605,annotation&nbsp;not&nbsp;available,74.0
1163398.AJJP01000101_gene1514,AJJP01000101_gene1514,annotation&nbsp;not&nbsp;available,74.0
1163398.AJJP01000160_gene1604,AJJP01000160_gene1604,annotation&nbsp;not&nbsp;available,74.0
1163398.AJJP01000175_gene1105,AJJP01000175_gene1105,annotation&nbsp;not&nbsp;available,74.0
1163398.AJJP01000102_gene1496,AJJP01000102_gene1496,annotation&nbsp;not&nbsp;available,74.0
1163398.AJJP01000165_gene1667,AJJP01000165_gene1667,annotation&nbsp;not&nbsp;available,74.0
1163398.AJJP01000005_gene3372,AJJP01000005_gene3372,annotation&nbsp;not&nbsp;available,73.9
1163398.AJJP01000138_gene2188,AJJP01000138_gene2188,annotation&nbsp;not&nbsp;available,73.9
1163398.AJJP01000137_gene474,AJJP01000137_gene474,annotation&nbsp;not&nbsp;available,73.9
1163398.AJJP01000167_gene1736,AJJP01000167_gene1736,annotation&nbsp;not&nbsp;available,73.9
1163398.AJJP01000043_gene2346,AJJP01000043_gene2346,annotation&nbsp;not&nbsp;available,73.9
1163398.AJJP01000110_gene744,AJJP01000110_gene744,annotation&nbsp;not&nbsp;available,73.8
1163398.AJJP01000047_gene2376,AJJP01000047_gene2376,annotation&nbsp;not&nbsp;available,73.8
1163398.AJJP01000048_gene2127,AJJP01000048_gene2127,annotation&nbsp;not&nbsp;available,73.8
1163398.AJJP01000192_gene4303,AJJP01000192_gene4303,annotation&nbsp;not&nbsp;available,73.8
1163398.AJJP01000008_gene4161,AJJP01000008_gene4161,annotation&nbsp;not&nbsp;available,73.8
1163398.AJJP01000207_gene3568,AJJP01000207_gene3568,annotation&nbsp;not&nbsp;available,73.7
1163398.AJJP01000011_gene4526,AJJP01000011_gene4526,annotation&nbsp;not&nbsp;available,73.7
1163398.AJJP01000057_gene1994,AJJP01000057_gene1994,annotation&nbsp;not&nbsp;available,73.7
1163398.AJJP01000022_gene1363,AJJP01000022_gene1363,annotation&nbsp;not&nbsp;available,73.7
1163398.AJJP01000048_gene2142,AJJP01000048_gene2142,annotation&nbsp;not&nbsp;available,73.7
1163398.AJJP01000038_gene4635,AJJP01000038_gene4635,annotation&nbsp;not&nbsp;available,73.7
1163398.AJJP01000118_gene4605,AJJP01000118_gene4605,annotation&nbsp;not&nbsp;available,73.6
1163398.AJJP01000014_gene3735,AJJP01000014_gene3735,annotation&nbsp;not&nbsp;available,73.6
1163398.AJJP01000035_gene338,AJJP01000035_gene338,annotation&nbsp;not&nbsp;available,73.6
1163398.AJJP01000007_gene3345,AJJP01000007_gene3345,annotation&nbsp;not&nbsp;available,73.5
1163398.AJJP01000057_gene2051,AJJP01000057_gene2051,annotation&nbsp;not&nbsp;available,73.5
1163398.AJJP01000061_gene3201,AJJP01000061_gene3201,annotation&nbsp;not&nbsp;available,73.5
1163398.AJJP01000035_gene348,AJJP01000035_gene348,annotation&nbsp;not&nbsp;available,73.5
1163398.AJJP01000056_gene1979,AJJP01000056_gene1979,annotation&nbsp;not&nbsp;available,73.5
1163398.AJJP01000185_gene84,AJJP01000185_gene84,annotation&nbsp;not&nbsp;available,73.5
1163398.AJJP01000137_gene461,AJJP01000137_gene461,annotation&nbsp;not&nbsp;available,73.4
1163398.AJJP01000052_gene1804,AJJP01000052_gene1804,annotation&nbsp;not&nbsp;available,73.4
1163398.AJJP01000070_gene2624,AJJP01000070_gene2624,annotation&nbsp;not&nbsp;available,73.4
1163398.AJJP01000129_gene4026,AJJP01000129_gene4026,annotation&nbsp;not&nbsp;available,73.4
1163398.AJJP01000121_gene4777,AJJP01000121_gene4777,annotation&nbsp;not&nbsp;available,73.4
1163398.AJJP01000057_gene1998,AJJP01000057_gene1998,annotation&nbsp;not&nbsp;available,73.4
1163398.AJJP01000123_gene4849,AJJP01000123_gene4849,annotation&nbsp;not&nbsp;available,73.4
1163398.AJJP01000052_gene1797,AJJP01000052_gene1797,annotation&nbsp;not&nbsp;available,73.3
1163398.AJJP01000082_gene5010,AJJP01000082_gene5010,annotation&nbsp;not&nbsp;available,73.3
1163398.AJJP01000151_gene2920,AJJP01000151_gene2920,annotation&nbsp;not&nbsp;available,73.3
1163398.AJJP01000110_gene746,AJJP01000110_gene746,annotation&nbsp;not&nbsp;available,73.3
1163398.AJJP01000134_gene3862,AJJP01000134_gene3862,annotation&nbsp;not&nbsp;available,73.3
1163398.AJJP01000026_gene1283,AJJP01000026_gene1283,annotation&nbsp;not&nbsp;available,73.3
1163398.AJJP01000220_gene3755,AJJP01000220_gene3755,annotation&nbsp;not&nbsp;available,73.2
1163398.AJJP01000167_gene1710,AJJP01000167_gene1710,annotation&nbsp;not&nbsp;available,73.2
1163398.AJJP01000005_gene3377,AJJP01000005_gene3377,annotation&nbsp;not&nbsp;available,73.2
1163398.AJJP01000184_gene110,AJJP01000184_gene110,annotation&nbsp;not&nbsp;available,73.2
1163398.AJJP01000072_gene2672,AJJP01000072_gene2672,annotation&nbsp;not&nbsp;available,73.2
1163398.AJJP01000074_gene2497,AJJP01000074_gene2497,annotation&nbsp;not&nbsp;available,73.1
1163398.AJJP01000046_gene4355,AJJP01000046_gene4355,annotation&nbsp;not&nbsp;available,73.1
1163398.AJJP01000160_gene1646,AJJP01000160_gene1646,annotation&nbsp;not&nbsp;available,73.1
1163398.AJJP01000184_gene127,AJJP01000184_gene127,annotation&nbsp;not&nbsp;available,73.1
1163398.AJJP01000083_gene4977,AJJP01000083_gene4977,annotation&nbsp;not&nbsp;available,73.1
1163398.AJJP01000189_gene4237,AJJP01000189_gene4237,annotation&nbsp;not&nbsp;available,73.1
1163398.AJJP01000177_gene1066,AJJP01000177_gene1066,annotation&nbsp;not&nbsp;available,73.1
1163398.AJJP01000026_gene1285,AJJP01000026_gene1285,annotation&nbsp;not&nbsp;available,73.0
1163398.AJJP01000100_gene1529,AJJP01000100_gene1529,annotation&nbsp;not&nbsp;available,73.0
1163398.AJJP01000050_gene1866,AJJP01000050_gene1866,annotation&nbsp;not&nbsp;available,73.0
1163398.AJJP01000107_gene1419,AJJP01000107_gene1419,annotation&nbsp;not&nbsp;available,73.0
1163398.AJJP01000157_gene2872,AJJP01000157_gene2872,annotation&nbsp;not&nbsp;available,72.9
1163398.AJJP01000155_gene2783,AJJP01000155_gene2783,annotation&nbsp;not&nbsp;available,72.9
1163398.AJJP01000090_gene3652,AJJP01000090_gene3652,annotation&nbsp;not&nbsp;available,72.9
1163398.AJJP01000145_gene3503,AJJP01000145_gene3503,annotation&nbsp;not&nbsp;available,72.9
1163398.AJJP01000004_gene3351,AJJP01000004_gene3351,annotation&nbsp;not&nbsp;available,72.8
1163398.AJJP01000170_gene1025,AJJP01000170_gene1025,annotation&nbsp;not&nbsp;available,72.8
1163398.AJJP01000071_gene2652,AJJP01000071_gene2652,annotation&nbsp;not&nbsp;available,72.8
1163398.AJJP01000130_gene4454,AJJP01000130_gene4454,annotation&nbsp;not&nbsp;available,72.8
1163398.AJJP01000003_gene3307,AJJP01000003_gene3307,annotation&nbsp;not&nbsp;available,72.7
1163398.AJJP01000048_gene2130,AJJP01000048_gene2130,annotation&nbsp;not&nbsp;available,72.7
1163398.AJJP01000091_gene1563,AJJP01000091_gene1563,annotation&nbsp;not&nbsp;available,72.7
1163398.AJJP01000056_gene1971,AJJP01000056_gene1971,annotation&nbsp;not&nbsp;available,72.7
1163398.AJJP01000076_gene2567,AJJP01000076_gene2567,annotation&nbsp;not&nbsp;available,72.7
1163398.AJJP01000134_gene3916,AJJP01000134_gene3916,annotation&nbsp;not&nbsp;available,72.7
1163398.AJJP01000132_gene3923,AJJP01000132_gene3923,annotation&nbsp;not&nbsp;available,72.7
1163398.AJJP01000051_gene1929,AJJP01000051_gene1929,annotation&nbsp;not&nbsp;available,72.7
1163398.AJJP01000142_gene3426,AJJP01000142_gene3426,annotation&nbsp;not&nbsp;available,72.6
1163398.AJJP01000012_gene586,AJJP01000012_gene586,annotation&nbsp;not&nbsp;available,72.6
1163398.AJJP01000127_gene4725,AJJP01000127_gene4725,annotation&nbsp;not&nbsp;available,72.6
1163398.AJJP01000111_gene785,AJJP01000111_gene785,annotation&nbsp;not&nbsp;available,72.6
1163398.AJJP01000138_gene2190,AJJP01000138_gene2190,annotation&nbsp;not&nbsp;available,72.6
1163398.AJJP01000104_gene1472,AJJP01000104_gene1472,annotation&nbsp;not&nbsp;available,72.6
1163398.AJJP01000155_gene2754,AJJP01000155_gene2754,annotation&nbsp;not&nbsp;available,72.6
1163398.AJJP01000074_gene2494,AJJP01000074_gene2494,annotation&nbsp;not&nbsp;available,72.6
1163398.AJJP01000220_gene3754,AJJP01000220_gene3754,annotation&nbsp;not&nbsp;available,72.5
1163398.AJJP01000011_gene4532,AJJP01000011_gene4532,annotation&nbsp;not&nbsp;available,72.5
1163398.AJJP01000017_gene3952,AJJP01000017_gene3952,annotation&nbsp;not&nbsp;available,72.5
1163398.AJJP01000057_gene1989,AJJP01000057_gene1989,annotation&nbsp;not&nbsp;available,72.5
1163398.AJJP01000109_gene656,AJJP01000109_gene656,annotation&nbsp;not&nbsp;available,72.4
1163398.AJJP01000040_gene2296,AJJP01000040_gene2296,annotation&nbsp;not&nbsp;available,72.4
1163398.AJJP01000184_gene108,AJJP01000184_gene108,annotation&nbsp;not&nbsp;available,72.4
1163398.AJJP01000059_gene3101,AJJP01000059_gene3101,annotation&nbsp;not&nbsp;available,72.4
1163398.AJJP01000046_gene4354,AJJP01000046_gene4354,annotation&nbsp;not&nbsp;available,72.4
1163398.AJJP01000134_gene3901,AJJP01000134_gene3901,annotation&nbsp;not&nbsp;available,72.4
1163398.AJJP01000090_gene3674,AJJP01000090_gene3674,annotation&nbsp;not&nbsp;available,72.4
1163398.AJJP01000074_gene2547,AJJP01000074_gene2547,annotation&nbsp;not&nbsp;available,72.4
1163398.AJJP01000134_gene3850,AJJP01000134_gene3850,annotation&nbsp;not&nbsp;available,72.4
1163398.AJJP01000193_gene2195,AJJP01000193_gene2195,annotation&nbsp;not&nbsp;available,72.4
1163398.AJJP01000153_gene3003,AJJP01000153_gene3003,annotation&nbsp;not&nbsp;available,72.4
1163398.AJJP01000029_gene549,AJJP01000029_gene549,annotation&nbsp;not&nbsp;available,72.4
1163398.AJJP01000138_gene2162,AJJP01000138_gene2162,annotation&nbsp;not&nbsp;available,72.4
1163398.AJJP01000060_gene3209,AJJP01000060_gene3209,annotation&nbsp;not&nbsp;available,72.3
1163398.AJJP01000134_gene3919,AJJP01000134_gene3919,annotation&nbsp;not&nbsp;available,72.3
1163398.AJJP01000008_gene4119,AJJP01000008_gene4119,annotation&nbsp;not&nbsp;available,72.3
1163398.AJJP01000041_gene2286,AJJP01000041_gene2286,annotation&nbsp;not&nbsp;available,72.3
1163398.AJJP01000009_gene4102,AJJP01000009_gene4102,annotation&nbsp;not&nbsp;available,72.3
1163398.AJJP01000099_gene1536,AJJP01000099_gene1536,annotation&nbsp;not&nbsp;available,72.3
1163398.AJJP01000041_gene2275,AJJP01000041_gene2275,annotation&nbsp;not&nbsp;available,72.3
1163398.AJJP01000187_gene19,AJJP01000187_gene19,annotation&nbsp;not&nbsp;available,72.2
1163398.AJJP01000003_gene3283,AJJP01000003_gene3283,annotation&nbsp;not&nbsp;available,72.2
1163398.AJJP01000157_gene2851,AJJP01000157_gene2851,annotation&nbsp;not&nbsp;available,72.2
1163398.AJJP01000051_gene1928,AJJP01000051_gene1928,annotation&nbsp;not&nbsp;available,72.2
1163398.AJJP01000161_gene1580,AJJP01000161_gene1580,annotation&nbsp;not&nbsp;available,72.2
1163398.AJJP01000155_gene2760,AJJP01000155_gene2760,annotation&nbsp;not&nbsp;available,72.2
1163398.AJJP01000201_gene3598,AJJP01000201_gene3598,annotation&nbsp;not&nbsp;available,72.2
1163398.AJJP01000084_gene4896,AJJP01000084_gene4896,annotation&nbsp;not&nbsp;available,72.2
1163398.AJJP01000014_gene3688,AJJP01000014_gene3688,annotation&nbsp;not&nbsp;available,72.1
1163398.AJJP01000118_gene4607,AJJP01000118_gene4607,annotation&nbsp;not&nbsp;available,72.1
1163398.AJJP01000140_gene3460,AJJP01000140_gene3460,annotation&nbsp;not&nbsp;available,72.1
1163398.AJJP01000128_gene4012,AJJP01000128_gene4012,annotation&nbsp;not&nbsp;available,72.0
1163398.AJJP01000063_gene3127,AJJP01000063_gene3127,annotation&nbsp;not&nbsp;available,72.0
1163398.AJJP01000064_gene3266,AJJP01000064_gene3266,annotation&nbsp;not&nbsp;available,72.0
1163398.AJJP01000049_gene2159,AJJP01000049_gene2159,annotation&nbsp;not&nbsp;available,72.0
1163398.AJJP01000015_gene1772,AJJP01000015_gene1772,annotation&nbsp;not&nbsp;available,71.9
1163398.AJJP01000116_gene890,AJJP01000116_gene890,annotation&nbsp;not&nbsp;available,71.9
1163398.AJJP01000165_gene1676,AJJP01000165_gene1676,annotation&nbsp;not&nbsp;available,71.9
1163398.AJJP01000082_gene5032,AJJP01000082_gene5032,annotation&nbsp;not&nbsp;available,71.9
1163398.AJJP01000017_gene3939,AJJP01000017_gene3939,annotation&nbsp;not&nbsp;available,71.9
1163398.AJJP01000050_gene1855,AJJP01000050_gene1855,annotation&nbsp;not&nbsp;available,71.9
1163398.AJJP01000038_gene4649,AJJP01000038_gene4649,annotation&nbsp;not&nbsp;available,71.9
1163398.AJJP01000082_gene5028,AJJP01000082_gene5028,annotation&nbsp;not&nbsp;available,71.8
1163398.AJJP01000038_gene4639,AJJP01000038_gene4639,annotation&nbsp;not&nbsp;available,71.8
1163398.AJJP01000040_gene2301,AJJP01000040_gene2301,annotation&nbsp;not&nbsp;available,71.8
1163398.AJJP01000023_gene1338,AJJP01000023_gene1338,annotation&nbsp;not&nbsp;available,71.8
1163398.AJJP01000112_gene814,AJJP01000112_gene814,annotation&nbsp;not&nbsp;available,71.8
1163398.AJJP01000050_gene1891,AJJP01000050_gene1891,annotation&nbsp;not&nbsp;available,71.8
1163398.AJJP01000137_gene485,AJJP01000137_gene485,annotation&nbsp;not&nbsp;available,71.8
1163398.AJJP01000028_gene541,AJJP01000028_gene541,annotation&nbsp;not&nbsp;available,71.8
1163398.AJJP01000158_gene1765,AJJP01000158_gene1765,annotation&nbsp;not&nbsp;available,71.7
1163398.AJJP01000149_gene2719,AJJP01000149_gene2719,annotation&nbsp;not&nbsp;available,71.7
1163398.AJJP01000157_gene2873,AJJP01000157_gene2873,annotation&nbsp;not&nbsp;available,71.7
1163398.AJJP01000024_gene1327,AJJP01000024_gene1327,annotation&nbsp;not&nbsp;available,71.7
1163398.AJJP01000184_gene129,AJJP01000184_gene129,annotation&nbsp;not&nbsp;available,71.6
1163398.AJJP01000183_gene163,AJJP01000183_gene163,annotation&nbsp;not&nbsp;available,71.6
1163398.AJJP01000026_gene1280,AJJP01000026_gene1280,annotation&nbsp;not&nbsp;available,71.6
1163398.AJJP01000109_gene655,AJJP01000109_gene655,annotation&nbsp;not&nbsp;available,71.6
1163398.AJJP01000101_gene1509,AJJP01000101_gene1509,annotation&nbsp;not&nbsp;available,71.6
1163398.AJJP01000142_gene3418,AJJP01000142_gene3418,annotation&nbsp;not&nbsp;available,71.5
1163398.AJJP01000111_gene770,AJJP01000111_gene770,annotation&nbsp;not&nbsp;available,71.5
1163398.AJJP01000056_gene1948,AJJP01000056_gene1948,annotation&nbsp;not&nbsp;available,71.5
1163398.AJJP01000017_gene3938,AJJP01000017_gene3938,annotation&nbsp;not&nbsp;available,71.5
1163398.AJJP01000036_gene424,AJJP01000036_gene424,annotation&nbsp;not&nbsp;available,71.5
1163398.AJJP01000183_gene158,AJJP01000183_gene158,annotation&nbsp;not&nbsp;available,71.5
1163398.AJJP01000079_gene4197,AJJP01000079_gene4197,annotation&nbsp;not&nbsp;available,71.5
1163398.AJJP01000168_gene1123,AJJP01000168_gene1123,annotation&nbsp;not&nbsp;available,71.5
1163398.AJJP01000116_gene884,AJJP01000116_gene884,annotation&nbsp;not&nbsp;available,71.4
1163398.AJJP01000012_gene590,AJJP01000012_gene590,annotation&nbsp;not&nbsp;available,71.4
1163398.AJJP01000071_gene2637,AJJP01000071_gene2637,annotation&nbsp;not&nbsp;available,71.4
1163398.AJJP01000199_gene3512,AJJP01000199_gene3512,annotation&nbsp;not&nbsp;available,71.4
1163398.AJJP01000193_gene2198,AJJP01000193_gene2198,annotation&nbsp;not&nbsp;available,71.4
1163398.AJJP01000208_gene3013,AJJP01000208_gene3013,annotation&nbsp;not&nbsp;available,71.3
1163398.AJJP01000050_gene1879,AJJP01000050_gene1879,annotation&nbsp;not&nbsp;available,71.3
1163398.AJJP01000176_gene1051,AJJP01000176_gene1051,annotation&nbsp;not&nbsp;available,71.3
1163398.AJJP01000137_gene453,AJJP01000137_gene453,annotation&nbsp;not&nbsp;available,71.3
1163398.AJJP01000006_gene2120,AJJP01000006_gene2120,annotation&nbsp;not&nbsp;available,71.3
1163398.AJJP01000050_gene1921,AJJP01000050_gene1921,annotation&nbsp;not&nbsp;available,71.2
1163398.AJJP01000006_gene2104,AJJP01000006_gene2104,annotation&nbsp;not&nbsp;available,71.2
1163398.AJJP01000155_gene2738,AJJP01000155_gene2738,annotation&nbsp;not&nbsp;available,71.2
1163398.AJJP01000207_gene3574,AJJP01000207_gene3574,annotation&nbsp;not&nbsp;available,71.2
1163398.AJJP01000088_gene3800,AJJP01000088_gene3800,annotation&nbsp;not&nbsp;available,71.2
1163398.AJJP01000137_gene434,AJJP01000137_gene434,annotation&nbsp;not&nbsp;available,71.2
1163398.AJJP01000063_gene3128,AJJP01000063_gene3128,annotation&nbsp;not&nbsp;available,71.2
1163398.AJJP01000006_gene2110,AJJP01000006_gene2110,annotation&nbsp;not&nbsp;available,71.2
1163398.AJJP01000185_gene35,AJJP01000185_gene35,annotation&nbsp;not&nbsp;available,71.1
1163398.AJJP01000184_gene125,AJJP01000184_gene125,annotation&nbsp;not&nbsp;available,71.1
1163398.AJJP01000080_gene4970,AJJP01000080_gene4970,annotation&nbsp;not&nbsp;available,71.1
1163398.AJJP01000022_gene1352,AJJP01000022_gene1352,annotation&nbsp;not&nbsp;available,71.1
1163398.AJJP01000017_gene3981,AJJP01000017_gene3981,annotation&nbsp;not&nbsp;available,71.1
1163398.AJJP01000090_gene3675,AJJP01000090_gene3675,annotation&nbsp;not&nbsp;available,71.1
1163398.AJJP01000191_gene4284,AJJP01000191_gene4284,annotation&nbsp;not&nbsp;available,71.1
1163398.AJJP01000102_gene1501,AJJP01000102_gene1501,annotation&nbsp;not&nbsp;available,71.1
1163398.AJJP01000220_gene3751,AJJP01000220_gene3751,annotation&nbsp;not&nbsp;available,71.0
1163398.AJJP01000036_gene416,AJJP01000036_gene416,annotation&nbsp;not&nbsp;available,71.0
1163398.AJJP01000197_gene4415,AJJP01000197_gene4415,annotation&nbsp;not&nbsp;available,71.0
1163398.AJJP01000014_gene3706,AJJP01000014_gene3706,annotation&nbsp;not&nbsp;available,71.0
1163398.AJJP01000072_gene2685,AJJP01000072_gene2685,annotation&nbsp;not&nbsp;available,71.0
1163398.AJJP01000184_gene113,AJJP01000184_gene113,annotation&nbsp;not&nbsp;available,70.9
1163398.AJJP01000098_gene1544,AJJP01000098_gene1544,annotation&nbsp;not&nbsp;available,70.9
1163398.AJJP01000021_gene1378,AJJP01000021_gene1378,annotation&nbsp;not&nbsp;available,70.9
1163398.AJJP01000056_gene1965,AJJP01000056_gene1965,annotation&nbsp;not&nbsp;available,70.9
1163398.AJJP01000079_gene4212,AJJP01000079_gene4212,annotation&nbsp;not&nbsp;available,70.9
1163398.AJJP01000123_gene4829,AJJP01000123_gene4829,annotation&nbsp;not&nbsp;available,70.9
1163398.AJJP01000103_gene1487,AJJP01000103_gene1487,annotation&nbsp;not&nbsp;available,70.9
1163398.AJJP01000019_gene1198,AJJP01000019_gene1198,annotation&nbsp;not&nbsp;available,70.8
1163398.AJJP01000078_gene4489,AJJP01000078_gene4489,annotation&nbsp;not&nbsp;available,70.8
1163398.AJJP01000148_gene2690,AJJP01000148_gene2690,annotation&nbsp;not&nbsp;available,70.7
1163398.AJJP01000140_gene3447,AJJP01000140_gene3447,annotation&nbsp;not&nbsp;available,70.7
1163398.AJJP01000130_gene4436,AJJP01000130_gene4436,annotation&nbsp;not&nbsp;available,70.7
1163398.AJJP01000052_gene1813,AJJP01000052_gene1813,annotation&nbsp;not&nbsp;available,70.7
1163398.AJJP01000159_gene1749,AJJP01000159_gene1749,annotation&nbsp;not&nbsp;available,70.6
1163398.AJJP01000032_gene281,AJJP01000032_gene281,annotation&nbsp;not&nbsp;available,70.6
1163398.AJJP01000082_gene5039,AJJP01000082_gene5039,annotation&nbsp;not&nbsp;available,70.6
1163398.AJJP01000109_gene652,AJJP01000109_gene652,annotation&nbsp;not&nbsp;available,70.6
1163398.AJJP01000020_gene1386,AJJP01000020_gene1386,annotation&nbsp;not&nbsp;available,70.6
1163398.AJJP01000074_gene2543,AJJP01000074_gene2543,annotation&nbsp;not&nbsp;available,70.6
1163398.AJJP01000066_gene3249,AJJP01000066_gene3249,annotation&nbsp;not&nbsp;available,70.5
1163398.AJJP01000209_gene3030,AJJP01000209_gene3030,annotation&nbsp;not&nbsp;available,70.5
1163398.AJJP01000014_gene3722,AJJP01000014_gene3722,annotation&nbsp;not&nbsp;available,70.5
1163398.AJJP01000108_gene627,AJJP01000108_gene627,annotation&nbsp;not&nbsp;available,70.5
1163398.AJJP01000077_gene2585,AJJP01000077_gene2585,annotation&nbsp;not&nbsp;available,70.5
1163398.AJJP01000075_gene2560,AJJP01000075_gene2560,annotation&nbsp;not&nbsp;available,70.5
1163398.AJJP01000003_gene3293,AJJP01000003_gene3293,annotation&nbsp;not&nbsp;available,70.4
1163398.AJJP01000160_gene1619,AJJP01000160_gene1619,annotation&nbsp;not&nbsp;available,70.4
1163398.AJJP01000001_gene3328,AJJP01000001_gene3328,annotation&nbsp;not&nbsp;available,70.4
1163398.AJJP01000167_gene1694,AJJP01000167_gene1694,annotation&nbsp;not&nbsp;available,70.4
1163398.AJJP01000207_gene3572,AJJP01000207_gene3572,annotation&nbsp;not&nbsp;available,70.3
1163398.AJJP01000142_gene3415,AJJP01000142_gene3415,annotation&nbsp;not&nbsp;available,70.3
1163398.AJJP01000109_gene673,AJJP01000109_gene673,annotation&nbsp;not&nbsp;available,70.3
1163398.AJJP01000072_gene2688,AJJP01000072_gene2688,annotation&nbsp;not&nbsp;available,70.2
1163398.AJJP01000217_gene3047,AJJP01000217_gene3047,annotation&nbsp;not&nbsp;available,70.2
1163398.AJJP01000075_gene2561,AJJP01000075_gene2561,annotation&nbsp;not&nbsp;available,70.2
1163398.AJJP01000026_gene1291,AJJP01000026_gene1291,annotation&nbsp;not&nbsp;available,70.2
1163398.AJJP01000179_gene198,AJJP01000179_gene198,annotation&nbsp;not&nbsp;available,70.2
1163398.AJJP01000090_gene3660,AJJP01000090_gene3660,annotation&nbsp;not&nbsp;available,70.2
1163398.AJJP01000050_gene1915,AJJP01000050_gene1915,annotation&nbsp;not&nbsp;available,70.1
1163398.AJJP01000070_gene2630,AJJP01000070_gene2630,annotation&nbsp;not&nbsp;available,70.1
1163398.AJJP01000137_gene513,AJJP01000137_gene513,annotation&nbsp;not&nbsp;available,70.1
1163398.AJJP01000057_gene2049,AJJP01000057_gene2049,annotation&nbsp;not&nbsp;available,70.1
1163398.AJJP01000011_gene4533,AJJP01000011_gene4533,annotation&nbsp;not&nbsp;available,70.0
1163398.AJJP01000011_gene4535,AJJP01000011_gene4535,annotation&nbsp;not&nbsp;available,70.0
1163398.AJJP01000113_gene834,AJJP01000113_gene834,annotation&nbsp;not&nbsp;available,70.0
1163398.AJJP01000134_gene3893,AJJP01000134_gene3893,annotation&nbsp;not&nbsp;available,70.0
1163398.AJJP01000029_gene551,AJJP01000029_gene551,annotation&nbsp;not&nbsp;available,69.9
1163398.AJJP01000056_gene1964,AJJP01000056_gene1964,annotation&nbsp;not&nbsp;available,69.9
1163398.AJJP01000103_gene1483,AJJP01000103_gene1483,annotation&nbsp;not&nbsp;available,69.9
1163398.AJJP01000192_gene4293,AJJP01000192_gene4293,annotation&nbsp;not&nbsp;available,69.8
1163398.AJJP01000137_gene509,AJJP01000137_gene509,annotation&nbsp;not&nbsp;available,69.8
1163398.AJJP01000156_gene2798,AJJP01000156_gene2798,annotation&nbsp;not&nbsp;available,69.8
1163398.AJJP01000112_gene826,AJJP01000112_gene826,annotation&nbsp;not&nbsp;available,69.8
1163398.AJJP01000054_gene2062,AJJP01000054_gene2062,annotation&nbsp;not&nbsp;available,69.7
1163398.AJJP01000061_gene3176,AJJP01000061_gene3176,annotation&nbsp;not&nbsp;available,69.7
1163398.AJJP01000026_gene1307,AJJP01000026_gene1307,annotation&nbsp;not&nbsp;available,69.7
1163398.AJJP01000081_gene4964,AJJP01000081_gene4964,annotation&nbsp;not&nbsp;available,69.7
1163398.AJJP01000198_gene3530,AJJP01000198_gene3530,annotation&nbsp;not&nbsp;available,69.7
1163398.AJJP01000096_gene2243,AJJP01000096_gene2243,annotation&nbsp;not&nbsp;available,69.7
1163398.AJJP01000019_gene1205,AJJP01000019_gene1205,annotation&nbsp;not&nbsp;available,69.6
1163398.AJJP01000192_gene4305,AJJP01000192_gene4305,annotation&nbsp;not&nbsp;available,69.6
1163398.AJJP01000184_gene103,AJJP01000184_gene103,annotation&nbsp;not&nbsp;available,69.6
1163398.AJJP01000057_gene2042,AJJP01000057_gene2042,annotation&nbsp;not&nbsp;available,69.6
1163398.AJJP01000141_gene3440,AJJP01000141_gene3440,annotation&nbsp;not&nbsp;available,69.6
1163398.AJJP01000100_gene1523,AJJP01000100_gene1523,annotation&nbsp;not&nbsp;available,69.6
1163398.AJJP01000127_gene4720,AJJP01000127_gene4720,annotation&nbsp;not&nbsp;available,69.6
1163398.AJJP01000110_gene722,AJJP01000110_gene722,annotation&nbsp;not&nbsp;available,69.5
1163398.AJJP01000170_gene992,AJJP01000170_gene992,annotation&nbsp;not&nbsp;available,69.5
1163398.AJJP01000035_gene337,AJJP01000035_gene337,annotation&nbsp;not&nbsp;available,69.5
1163398.AJJP01000069_gene2460,AJJP01000069_gene2460,annotation&nbsp;not&nbsp;available,69.5
1163398.AJJP01000157_gene2846,AJJP01000157_gene2846,annotation&nbsp;not&nbsp;available,69.4
1163398.AJJP01000129_gene4018,AJJP01000129_gene4018,annotation&nbsp;not&nbsp;available,69.4
1163398.AJJP01000090_gene3645,AJJP01000090_gene3645,annotation&nbsp;not&nbsp;available,69.4
1163398.AJJP01000039_gene3084,AJJP01000039_gene3084,annotation&nbsp;not&nbsp;available,69.4
1163398.AJJP01000070_gene2627,AJJP01000070_gene2627,annotation&nbsp;not&nbsp;available,69.4
1163398.AJJP01000114_gene843,AJJP01000114_gene843,annotation&nbsp;not&nbsp;available,69.3
1163398.AJJP01000156_gene2819,AJJP01000156_gene2819,annotation&nbsp;not&nbsp;available,69.3
1163398.AJJP01000058_gene3117,AJJP01000058_gene3117,annotation&nbsp;not&nbsp;available,69.3
1163398.AJJP01000074_gene2553,AJJP01000074_gene2553,annotation&nbsp;not&nbsp;available,69.3
1163398.AJJP01000110_gene727,AJJP01000110_gene727,annotation&nbsp;not&nbsp;available,69.3
1163398.AJJP01000069_gene2425,AJJP01000069_gene2425,annotation&nbsp;not&nbsp;available,69.3
1163398.AJJP01000041_gene2292,AJJP01000041_gene2292,annotation&nbsp;not&nbsp;available,69.3
1163398.AJJP01000111_gene767,AJJP01000111_gene767,annotation&nbsp;not&nbsp;available,69.3
1163398.AJJP01000087_gene4938,AJJP01000087_gene4938,annotation&nbsp;not&nbsp;available,69.3
1163398.AJJP01000160_gene1644,AJJP01000160_gene1644,annotation&nbsp;not&nbsp;available,69.3
1163398.AJJP01000151_gene2960,AJJP01000151_gene2960,annotation&nbsp;not&nbsp;available,69.2
1163398.AJJP01000079_gene4213,AJJP01000079_gene4213,annotation&nbsp;not&nbsp;available,69.2
1163398.AJJP01000079_gene4196,AJJP01000079_gene4196,annotation&nbsp;not&nbsp;available,69.2
1163398.AJJP01000130_gene4442,AJJP01000130_gene4442,annotation&nbsp;not&nbsp;available,69.1
1163398.AJJP01000190_gene4270,AJJP01000190_gene4270,annotation&nbsp;not&nbsp;available,69.1
1163398.AJJP01000123_gene4831,AJJP01000123_gene4831,annotation&nbsp;not&nbsp;available,69.0
1163398.AJJP01000019_gene1204,AJJP01000019_gene1204,annotation&nbsp;not&nbsp;available,69.0
1163398.AJJP01000151_gene2948,AJJP01000151_gene2948,annotation&nbsp;not&nbsp;available,69.0
1163398.AJJP01000130_gene4452,AJJP01000130_gene4452,annotation&nbsp;not&nbsp;available,69.0
1163398.AJJP01000167_gene1697,AJJP01000167_gene1697,annotation&nbsp;not&nbsp;available,69.0
1163398.AJJP01000003_gene3272,AJJP01000003_gene3272,annotation&nbsp;not&nbsp;available,69.0
1163398.AJJP01000038_gene4642,AJJP01000038_gene4642,annotation&nbsp;not&nbsp;available,69.0
1163398.AJJP01000096_gene2238,AJJP01000096_gene2238,annotation&nbsp;not&nbsp;available,69.0
1163398.AJJP01000201_gene3600,AJJP01000201_gene3600,annotation&nbsp;not&nbsp;available,68.9
1163398.AJJP01000046_gene4321,AJJP01000046_gene4321,annotation&nbsp;not&nbsp;available,68.9
1163398.AJJP01000036_gene403,AJJP01000036_gene403,annotation&nbsp;not&nbsp;available,68.9
1163398.AJJP01000069_gene2439,AJJP01000069_gene2439,annotation&nbsp;not&nbsp;available,68.9
1163398.AJJP01000083_gene4994,AJJP01000083_gene4994,annotation&nbsp;not&nbsp;available,68.9
1163398.AJJP01000030_gene246,AJJP01000030_gene246,annotation&nbsp;not&nbsp;available,68.9
1163398.AJJP01000050_gene1912,AJJP01000050_gene1912,annotation&nbsp;not&nbsp;available,68.9
1163398.AJJP01000018_gene1259,AJJP01000018_gene1259,annotation&nbsp;not&nbsp;available,68.9
1163398.AJJP01000140_gene3451,AJJP01000140_gene3451,annotation&nbsp;not&nbsp;available,68.8
1163398.AJJP01000155_gene2763,AJJP01000155_gene2763,annotation&nbsp;not&nbsp;available,68.8
1163398.AJJP01000160_gene1595,AJJP01000160_gene1595,annotation&nbsp;not&nbsp;available,68.8
1163398.AJJP01000053_gene1822,AJJP01000053_gene1822,annotation&nbsp;not&nbsp;available,68.8
1163398.AJJP01000007_gene3347,AJJP01000007_gene3347,annotation&nbsp;not&nbsp;available,68.8
1163398.AJJP01000137_gene459,AJJP01000137_gene459,annotation&nbsp;not&nbsp;available,68.8
1163398.AJJP01000078_gene4514,AJJP01000078_gene4514,annotation&nbsp;not&nbsp;available,68.8
1163398.AJJP01000035_gene374,AJJP01000035_gene374,annotation&nbsp;not&nbsp;available,68.8
1163398.AJJP01000032_gene276,AJJP01000032_gene276,annotation&nbsp;not&nbsp;available,68.7
1163398.AJJP01000108_gene608,AJJP01000108_gene608,annotation&nbsp;not&nbsp;available,68.7
1163398.AJJP01000101_gene1505,AJJP01000101_gene1505,annotation&nbsp;not&nbsp;available,68.7
1163398.AJJP01000005_gene3368,AJJP01000005_gene3368,annotation&nbsp;not&nbsp;available,68.7
1163398.AJJP01000198_gene3518,AJJP01000198_gene3518,annotation&nbsp;not&nbsp;available,68.7
1163398.AJJP01000012_gene599,AJJP01000012_gene599,annotation&nbsp;not&nbsp;available,68.7
1163398.AJJP01000053_gene1839,AJJP01000053_gene1839,annotation&nbsp;not&nbsp;available,68.6
1163398.AJJP01000053_gene1815,AJJP01000053_gene1815,annotation&nbsp;not&nbsp;available,68.6
1163398.AJJP01000119_gene4468,AJJP01000119_gene4468,annotation&nbsp;not&nbsp;available,68.6
1163398.AJJP01000095_gene4058,AJJP01000095_gene4058,annotation&nbsp;not&nbsp;available,68.6
1163398.AJJP01000124_gene4699,AJJP01000124_gene4699,annotation&nbsp;not&nbsp;available,68.6
1163398.AJJP01000155_gene2795,AJJP01000155_gene2795,annotation&nbsp;not&nbsp;available,68.6
1163398.AJJP01000194_gene4374,AJJP01000194_gene4374,annotation&nbsp;not&nbsp;available,68.5
1163398.AJJP01000055_gene2094,AJJP01000055_gene2094,annotation&nbsp;not&nbsp;available,68.5
1163398.AJJP01000003_gene3294,AJJP01000003_gene3294,annotation&nbsp;not&nbsp;available,68.5
1163398.AJJP01000160_gene1596,AJJP01000160_gene1596,annotation&nbsp;not&nbsp;available,68.4
1163398.AJJP01000043_gene2311,AJJP01000043_gene2311,annotation&nbsp;not&nbsp;available,68.4
1163398.AJJP01000056_gene1944,AJJP01000056_gene1944,annotation&nbsp;not&nbsp;available,68.3
1163398.AJJP01000103_gene1489,AJJP01000103_gene1489,annotation&nbsp;not&nbsp;available,68.3
1163398.AJJP01000010_gene3809,AJJP01000010_gene3809,annotation&nbsp;not&nbsp;available,68.3
1163398.AJJP01000167_gene1712,AJJP01000167_gene1712,annotation&nbsp;not&nbsp;available,68.3
1163398.AJJP01000035_gene344,AJJP01000035_gene344,annotation&nbsp;not&nbsp;available,68.3
1163398.AJJP01000014_gene3687,AJJP01000014_gene3687,annotation&nbsp;not&nbsp;available,68.3
1163398.AJJP01000082_gene5023,AJJP01000082_gene5023,annotation&nbsp;not&nbsp;available,68.3
1163398.AJJP01000025_gene1313,AJJP01000025_gene1313,annotation&nbsp;not&nbsp;available,68.3
1163398.AJJP01000011_gene4581,AJJP01000011_gene4581,annotation&nbsp;not&nbsp;available,68.2
1163398.AJJP01000152_gene2973,AJJP01000152_gene2973,annotation&nbsp;not&nbsp;available,68.2
1163398.AJJP01000069_gene2436,AJJP01000069_gene2436,annotation&nbsp;not&nbsp;available,68.2
1163398.AJJP01000170_gene1002,AJJP01000170_gene1002,annotation&nbsp;not&nbsp;available,68.1
1163398.AJJP01000129_gene4041,AJJP01000129_gene4041,annotation&nbsp;not&nbsp;available,68.1
1163398.AJJP01000070_gene2625,AJJP01000070_gene2625,annotation&nbsp;not&nbsp;available,68.1
1163398.AJJP01000011_gene4560,AJJP01000011_gene4560,annotation&nbsp;not&nbsp;available,68.0
1163398.AJJP01000019_gene1190,AJJP01000019_gene1190,annotation&nbsp;not&nbsp;available,68.0
1163398.AJJP01000195_gene4384,AJJP01000195_gene4384,annotation&nbsp;not&nbsp;available,68.0
1163398.AJJP01000053_gene1823,AJJP01000053_gene1823,annotation&nbsp;not&nbsp;available,67.9
1163398.AJJP01000064_gene3261,AJJP01000064_gene3261,annotation&nbsp;not&nbsp;available,67.9
1163398.AJJP01000103_gene1486,AJJP01000103_gene1486,annotation&nbsp;not&nbsp;available,67.9
1163398.AJJP01000108_gene630,AJJP01000108_gene630,annotation&nbsp;not&nbsp;available,67.9
1163398.AJJP01000194_gene4361,AJJP01000194_gene4361,annotation&nbsp;not&nbsp;available,67.9
1163398.AJJP01000155_gene2784,AJJP01000155_gene2784,annotation&nbsp;not&nbsp;available,67.9
1163398.AJJP01000149_gene2702,AJJP01000149_gene2702,annotation&nbsp;not&nbsp;available,67.9
1163398.AJJP01000170_gene982,AJJP01000170_gene982,annotation&nbsp;not&nbsp;available,67.8
1163398.AJJP01000159_gene1747,AJJP01000159_gene1747,annotation&nbsp;not&nbsp;available,67.8
1163398.AJJP01000033_gene309,AJJP01000033_gene309,annotation&nbsp;not&nbsp;available,67.8
1163398.AJJP01000019_gene1176,AJJP01000019_gene1176,annotation&nbsp;not&nbsp;available,67.8
1163398.AJJP01000215_gene3058,AJJP01000215_gene3058,annotation&nbsp;not&nbsp;available,67.8
1163398.AJJP01000057_gene2032,AJJP01000057_gene2032,annotation&nbsp;not&nbsp;available,67.8
1163398.AJJP01000018_gene1235,AJJP01000018_gene1235,annotation&nbsp;not&nbsp;available,67.8
1163398.AJJP01000091_gene1551,AJJP01000091_gene1551,annotation&nbsp;not&nbsp;available,67.7
1163398.AJJP01000016_gene1108,AJJP01000016_gene1108,annotation&nbsp;not&nbsp;available,67.7
1163398.AJJP01000084_gene4876,AJJP01000084_gene4876,annotation&nbsp;not&nbsp;available,67.7
1163398.AJJP01000022_gene1353,AJJP01000022_gene1353,annotation&nbsp;not&nbsp;available,67.7
1163398.AJJP01000030_gene238,AJJP01000030_gene238,annotation&nbsp;not&nbsp;available,67.7
1163398.AJJP01000012_gene576,AJJP01000012_gene576,annotation&nbsp;not&nbsp;available,67.7
1163398.AJJP01000226_gene4217,AJJP01000226_gene4217,annotation&nbsp;not&nbsp;available,67.6
1163398.AJJP01000018_gene1230,AJJP01000018_gene1230,annotation&nbsp;not&nbsp;available,67.6
1163398.AJJP01000184_gene121,AJJP01000184_gene121,annotation&nbsp;not&nbsp;available,67.6
1163398.AJJP01000221_gene3762,AJJP01000221_gene3762,annotation&nbsp;not&nbsp;available,67.6
1163398.AJJP01000179_gene207,AJJP01000179_gene207,annotation&nbsp;not&nbsp;available,67.6
1163398.AJJP01000130_gene4460,AJJP01000130_gene4460,annotation&nbsp;not&nbsp;available,67.5
1163398.AJJP01000183_gene155,AJJP01000183_gene155,annotation&nbsp;not&nbsp;available,67.5
1163398.AJJP01000105_gene1440,AJJP01000105_gene1440,annotation&nbsp;not&nbsp;available,67.5
1163398.AJJP01000017_gene3950,AJJP01000017_gene3950,annotation&nbsp;not&nbsp;available,67.5
1163398.AJJP01000134_gene3906,AJJP01000134_gene3906,annotation&nbsp;not&nbsp;available,67.5
1163398.AJJP01000155_gene2774,AJJP01000155_gene2774,annotation&nbsp;not&nbsp;available,67.4
1163398.AJJP01000088_gene3773,AJJP01000088_gene3773,annotation&nbsp;not&nbsp;available,67.4
1163398.AJJP01000011_gene4583,AJJP01000011_gene4583,annotation&nbsp;not&nbsp;available,67.4
1163398.AJJP01000056_gene1955,AJJP01000056_gene1955,annotation&nbsp;not&nbsp;available,67.4
1163398.AJJP01000046_gene4322,AJJP01000046_gene4322,annotation&nbsp;not&nbsp;available,67.3
1163398.AJJP01000050_gene1902,AJJP01000050_gene1902,annotation&nbsp;not&nbsp;available,67.3
1163398.AJJP01000109_gene649,AJJP01000109_gene649,annotation&nbsp;not&nbsp;available,67.3
1163398.AJJP01000167_gene1730,AJJP01000167_gene1730,annotation&nbsp;not&nbsp;available,67.3
1163398.AJJP01000014_gene3723,AJJP01000014_gene3723,annotation&nbsp;not&nbsp;available,67.3
1163398.AJJP01000057_gene2033,AJJP01000057_gene2033,annotation&nbsp;not&nbsp;available,67.3
1163398.AJJP01000057_gene2020,AJJP01000057_gene2020,annotation&nbsp;not&nbsp;available,67.3
1163398.AJJP01000103_gene1493,AJJP01000103_gene1493,annotation&nbsp;not&nbsp;available,67.3
1163398.AJJP01000019_gene1185,AJJP01000019_gene1185,annotation&nbsp;not&nbsp;available,67.3
1163398.AJJP01000083_gene4990,AJJP01000083_gene4990,annotation&nbsp;not&nbsp;available,67.2
1163398.AJJP01000043_gene2303,AJJP01000043_gene2303,annotation&nbsp;not&nbsp;available,67.2
1163398.AJJP01000137_gene471,AJJP01000137_gene471,annotation&nbsp;not&nbsp;available,67.2
1163398.AJJP01000111_gene781,AJJP01000111_gene781,annotation&nbsp;not&nbsp;available,67.2
1163398.AJJP01000026_gene1300,AJJP01000026_gene1300,annotation&nbsp;not&nbsp;available,67.2
1163398.AJJP01000129_gene4021,AJJP01000129_gene4021,annotation&nbsp;not&nbsp;available,67.2
1163398.AJJP01000189_gene4233,AJJP01000189_gene4233,annotation&nbsp;not&nbsp;available,67.1
1163398.AJJP01000033_gene310,AJJP01000033_gene310,annotation&nbsp;not&nbsp;available,67.1
1163398.AJJP01000013_gene532,AJJP01000013_gene532,annotation&nbsp;not&nbsp;available,67.1
1163398.AJJP01000137_gene503,AJJP01000137_gene503,annotation&nbsp;not&nbsp;available,67.1
1163398.AJJP01000116_gene897,AJJP01000116_gene897,annotation&nbsp;not&nbsp;available,67.1
1163398.AJJP01000158_gene1768,AJJP01000158_gene1768,annotation&nbsp;not&nbsp;available,67.1
1163398.AJJP01000192_gene4296,AJJP01000192_gene4296,annotation&nbsp;not&nbsp;available,67.1
1163398.AJJP01000167_gene1740,AJJP01000167_gene1740,annotation&nbsp;not&nbsp;available,67.1
1163398.AJJP01000142_gene3407,AJJP01000142_gene3407,annotation&nbsp;not&nbsp;available,67.0
1163398.AJJP01000026_gene1287,AJJP01000026_gene1287,annotation&nbsp;not&nbsp;available,67.0
1163398.AJJP01000109_gene636,AJJP01000109_gene636,annotation&nbsp;not&nbsp;available,67.0
1163398.AJJP01000113_gene830,AJJP01000113_gene830,annotation&nbsp;not&nbsp;available,66.9
1163398.AJJP01000152_gene2971,AJJP01000152_gene2971,annotation&nbsp;not&nbsp;available,66.9
1163398.AJJP01000050_gene1914,AJJP01000050_gene1914,annotation&nbsp;not&nbsp;available,66.9
1163398.AJJP01000142_gene3431,AJJP01000142_gene3431,annotation&nbsp;not&nbsp;available,66.9
1163398.AJJP01000046_gene4358,AJJP01000046_gene4358,annotation&nbsp;not&nbsp;available,66.9
1163398.AJJP01000088_gene3797,AJJP01000088_gene3797,annotation&nbsp;not&nbsp;available,66.9
1163398.AJJP01000157_gene2864,AJJP01000157_gene2864,annotation&nbsp;not&nbsp;available,66.8
1163398.AJJP01000137_gene521,AJJP01000137_gene521,annotation&nbsp;not&nbsp;available,66.8
1163398.AJJP01000005_gene3360,AJJP01000005_gene3360,annotation&nbsp;not&nbsp;available,66.8
1163398.AJJP01000199_gene3516,AJJP01000199_gene3516,annotation&nbsp;not&nbsp;available,66.8
1163398.AJJP01000079_gene4208,AJJP01000079_gene4208,annotation&nbsp;not&nbsp;available,66.8
1163398.AJJP01000088_gene3790,AJJP01000088_gene3790,annotation&nbsp;not&nbsp;available,66.8
1163398.AJJP01000077_gene2593,AJJP01000077_gene2593,annotation&nbsp;not&nbsp;available,66.8
1163398.AJJP01000070_gene2597,AJJP01000070_gene2597,annotation&nbsp;not&nbsp;available,66.8
1163398.AJJP01000135_gene3922,AJJP01000135_gene3922,annotation&nbsp;not&nbsp;available,66.8
1163398.AJJP01000043_gene2336,AJJP01000043_gene2336,annotation&nbsp;not&nbsp;available,66.7
1163398.AJJP01000127_gene4734,AJJP01000127_gene4734,annotation&nbsp;not&nbsp;available,66.7
1163398.AJJP01000152_gene2967,AJJP01000152_gene2967,annotation&nbsp;not&nbsp;available,66.7
1163398.AJJP01000161_gene1573,AJJP01000161_gene1573,annotation&nbsp;not&nbsp;available,66.7
1163398.AJJP01000112_gene823,AJJP01000112_gene823,annotation&nbsp;not&nbsp;available,66.7
1163398.AJJP01000046_gene4309,AJJP01000046_gene4309,annotation&nbsp;not&nbsp;available,66.7
1163398.AJJP01000006_gene2103,AJJP01000006_gene2103,annotation&nbsp;not&nbsp;available,66.7
1163398.AJJP01000018_gene1236,AJJP01000018_gene1236,annotation&nbsp;not&nbsp;available,66.6
1163398.AJJP01000011_gene4537,AJJP01000011_gene4537,annotation&nbsp;not&nbsp;available,66.6
1163398.AJJP01000012_gene575,AJJP01000012_gene575,annotation&nbsp;not&nbsp;available,66.6
1163398.AJJP01000035_gene352,AJJP01000035_gene352,annotation&nbsp;not&nbsp;available,66.6
1163398.AJJP01000101_gene1518,AJJP01000101_gene1518,annotation&nbsp;not&nbsp;available,66.6
1163398.AJJP01000168_gene1144,AJJP01000168_gene1144,annotation&nbsp;not&nbsp;available,66.6
1163398.AJJP01000112_gene797,AJJP01000112_gene797,annotation&nbsp;not&nbsp;available,66.6
1163398.AJJP01000139_gene3335,AJJP01000139_gene3335,annotation&nbsp;not&nbsp;available,66.6
1163398.AJJP01000160_gene1650,AJJP01000160_gene1650,annotation&nbsp;not&nbsp;available,66.5
1163398.AJJP01000119_gene4472,AJJP01000119_gene4472,annotation&nbsp;not&nbsp;available,66.5
1163398.AJJP01000105_gene1444,AJJP01000105_gene1444,annotation&nbsp;not&nbsp;available,66.5
1163398.AJJP01000167_gene1738,AJJP01000167_gene1738,annotation&nbsp;not&nbsp;available,66.5
1163398.AJJP01000146_gene3481,AJJP01000146_gene3481,annotation&nbsp;not&nbsp;available,66.5
1163398.AJJP01000100_gene1527,AJJP01000100_gene1527,annotation&nbsp;not&nbsp;available,66.4
1163398.AJJP01000014_gene3715,AJJP01000014_gene3715,annotation&nbsp;not&nbsp;available,66.4
1163398.AJJP01000019_gene1207,AJJP01000019_gene1207,annotation&nbsp;not&nbsp;available,66.4
1163398.AJJP01000090_gene3640,AJJP01000090_gene3640,annotation&nbsp;not&nbsp;available,66.4
1163398.AJJP01000183_gene166,AJJP01000183_gene166,annotation&nbsp;not&nbsp;available,66.4
1163398.AJJP01000013_gene533,AJJP01000013_gene533,annotation&nbsp;not&nbsp;available,66.4
1163398.AJJP01000150_gene2882,AJJP01000150_gene2882,annotation&nbsp;not&nbsp;available,66.3
1163398.AJJP01000057_gene2050,AJJP01000057_gene2050,annotation&nbsp;not&nbsp;available,66.3
1163398.AJJP01000127_gene4726,AJJP01000127_gene4726,annotation&nbsp;not&nbsp;available,66.3
1163398.AJJP01000157_gene2859,AJJP01000157_gene2859,annotation&nbsp;not&nbsp;available,66.2
1163398.AJJP01000190_gene4262,AJJP01000190_gene4262,annotation&nbsp;not&nbsp;available,66.2
1163398.AJJP01000200_gene3603,AJJP01000200_gene3603,annotation&nbsp;not&nbsp;available,66.2
1163398.AJJP01000141_gene3442,AJJP01000141_gene3442,annotation&nbsp;not&nbsp;available,66.2
1163398.AJJP01000063_gene3138,AJJP01000063_gene3138,annotation&nbsp;not&nbsp;available,66.2
1163398.AJJP01000123_gene4817,AJJP01000123_gene4817,annotation&nbsp;not&nbsp;available,66.2
1163398.AJJP01000111_gene778,AJJP01000111_gene778,annotation&nbsp;not&nbsp;available,66.2
1163398.AJJP01000074_gene2555,AJJP01000074_gene2555,annotation&nbsp;not&nbsp;available,66.2
1163398.AJJP01000005_gene3371,AJJP01000005_gene3371,annotation&nbsp;not&nbsp;available,66.2
1163398.AJJP01000048_gene2131,AJJP01000048_gene2131,annotation&nbsp;not&nbsp;available,66.2
1163398.AJJP01000137_gene495,AJJP01000137_gene495,annotation&nbsp;not&nbsp;available,66.1
1163398.AJJP01000118_gene4602,AJJP01000118_gene4602,annotation&nbsp;not&nbsp;available,66.1
1163398.AJJP01000084_gene4886,AJJP01000084_gene4886,annotation&nbsp;not&nbsp;available,66.1
1163398.AJJP01000137_gene472,AJJP01000137_gene472,annotation&nbsp;not&nbsp;available,66.0
1163398.AJJP01000085_gene4875,AJJP01000085_gene4875,annotation&nbsp;not&nbsp;available,66.0
1163398.AJJP01000097_gene1271,AJJP01000097_gene1271,annotation&nbsp;not&nbsp;available,66.0
1163398.AJJP01000137_gene431,AJJP01000137_gene431,annotation&nbsp;not&nbsp;available,66.0
1163398.AJJP01000035_gene392,AJJP01000035_gene392,annotation&nbsp;not&nbsp;available,66.0
1163398.AJJP01000137_gene493,AJJP01000137_gene493,annotation&nbsp;not&nbsp;available,66.0
1163398.AJJP01000107_gene1408,AJJP01000107_gene1408,annotation&nbsp;not&nbsp;available,65.9
1163398.AJJP01000111_gene761,AJJP01000111_gene761,annotation&nbsp;not&nbsp;available,65.9
1163398.AJJP01000118_gene4615,AJJP01000118_gene4615,annotation&nbsp;not&nbsp;available,65.9
1163398.AJJP01000056_gene1961,AJJP01000056_gene1961,annotation&nbsp;not&nbsp;available,65.9
1163398.AJJP01000018_gene1247,AJJP01000018_gene1247,annotation&nbsp;not&nbsp;available,65.9
1163398.AJJP01000138_gene2177,AJJP01000138_gene2177,annotation&nbsp;not&nbsp;available,65.9
1163398.AJJP01000011_gene4519,AJJP01000011_gene4519,annotation&nbsp;not&nbsp;available,65.9
1163398.AJJP01000092_gene4064,AJJP01000092_gene4064,annotation&nbsp;not&nbsp;available,65.9
1163398.AJJP01000155_gene2766,AJJP01000155_gene2766,annotation&nbsp;not&nbsp;available,65.9
1163398.AJJP01000018_gene1263,AJJP01000018_gene1263,annotation&nbsp;not&nbsp;available,65.9
1163398.AJJP01000083_gene4993,AJJP01000083_gene4993,annotation&nbsp;not&nbsp;available,65.9
1163398.AJJP01000185_gene46,AJJP01000185_gene46,annotation&nbsp;not&nbsp;available,65.9
1163398.AJJP01000092_gene4077,AJJP01000092_gene4077,annotation&nbsp;not&nbsp;available,65.9
1163398.AJJP01000017_gene3989,AJJP01000017_gene3989,annotation&nbsp;not&nbsp;available,65.9
1163398.AJJP01000005_gene3383,AJJP01000005_gene3383,annotation&nbsp;not&nbsp;available,65.8
1163398.AJJP01000050_gene1892,AJJP01000050_gene1892,annotation&nbsp;not&nbsp;available,65.8
1163398.AJJP01000220_gene3749,AJJP01000220_gene3749,annotation&nbsp;not&nbsp;available,65.8
1163398.AJJP01000087_gene4902,AJJP01000087_gene4902,annotation&nbsp;not&nbsp;available,65.8
1163398.AJJP01000083_gene4997,AJJP01000083_gene4997,annotation&nbsp;not&nbsp;available,65.8
1163398.AJJP01000053_gene1830,AJJP01000053_gene1830,annotation&nbsp;not&nbsp;available,65.8
1163398.AJJP01000034_gene329,AJJP01000034_gene329,annotation&nbsp;not&nbsp;available,65.8
1163398.AJJP01000085_gene4870,AJJP01000085_gene4870,annotation&nbsp;not&nbsp;available,65.7
1163398.AJJP01000057_gene1990,AJJP01000057_gene1990,annotation&nbsp;not&nbsp;available,65.7
1163398.AJJP01000104_gene1458,AJJP01000104_gene1458,annotation&nbsp;not&nbsp;available,65.7
1163398.AJJP01000057_gene2055,AJJP01000057_gene2055,annotation&nbsp;not&nbsp;available,65.7
1163398.AJJP01000056_gene1931,AJJP01000056_gene1931,annotation&nbsp;not&nbsp;available,65.7
1163398.AJJP01000185_gene63,AJJP01000185_gene63,annotation&nbsp;not&nbsp;available,65.7
1163398.AJJP01000197_gene4410,AJJP01000197_gene4410,annotation&nbsp;not&nbsp;available,65.6
1163398.AJJP01000001_gene3330,AJJP01000001_gene3330,annotation&nbsp;not&nbsp;available,65.6
1163398.AJJP01000087_gene4915,AJJP01000087_gene4915,annotation&nbsp;not&nbsp;available,65.6
1163398.AJJP01000127_gene4711,AJJP01000127_gene4711,annotation&nbsp;not&nbsp;available,65.6
1163398.AJJP01000201_gene3591,AJJP01000201_gene3591,annotation&nbsp;not&nbsp;available,65.6
1163398.AJJP01000160_gene1639,AJJP01000160_gene1639,annotation&nbsp;not&nbsp;available,65.5
1163398.AJJP01000046_gene4328,AJJP01000046_gene4328,annotation&nbsp;not&nbsp;available,65.5
1163398.AJJP01000168_gene1137,AJJP01000168_gene1137,annotation&nbsp;not&nbsp;available,65.5
1163398.AJJP01000012_gene593,AJJP01000012_gene593,annotation&nbsp;not&nbsp;available,65.5
1163398.AJJP01000024_gene1324,AJJP01000024_gene1324,annotation&nbsp;not&nbsp;available,65.4
1163398.AJJP01000220_gene3752,AJJP01000220_gene3752,annotation&nbsp;not&nbsp;available,65.4
1163398.AJJP01000123_gene4830,AJJP01000123_gene4830,annotation&nbsp;not&nbsp;available,65.4
1163398.AJJP01000108_gene619,AJJP01000108_gene619,annotation&nbsp;not&nbsp;available,65.4
1163398.AJJP01000129_gene4019,AJJP01000129_gene4019,annotation&nbsp;not&nbsp;available,65.4
1163398.AJJP01000114_gene849,AJJP01000114_gene849,annotation&nbsp;not&nbsp;available,65.4
1163398.AJJP01000073_gene2402,AJJP01000073_gene2402,annotation&nbsp;not&nbsp;available,65.3
1163398.AJJP01000124_gene4678,AJJP01000124_gene4678,annotation&nbsp;not&nbsp;available,65.3
1163398.AJJP01000019_gene1211,AJJP01000019_gene1211,annotation&nbsp;not&nbsp;available,65.3
1163398.AJJP01000126_gene4771,AJJP01000126_gene4771,annotation&nbsp;not&nbsp;available,65.3
1163398.AJJP01000074_gene2517,AJJP01000074_gene2517,annotation&nbsp;not&nbsp;available,65.3
1163398.AJJP01000167_gene1713,AJJP01000167_gene1713,annotation&nbsp;not&nbsp;available,65.3
1163398.AJJP01000167_gene1702,AJJP01000167_gene1702,annotation&nbsp;not&nbsp;available,65.2
1163398.AJJP01000198_gene3522,AJJP01000198_gene3522,annotation&nbsp;not&nbsp;available,65.2
1163398.AJJP01000170_gene999,AJJP01000170_gene999,annotation&nbsp;not&nbsp;available,65.2
1163398.AJJP01000079_gene4173,AJJP01000079_gene4173,annotation&nbsp;not&nbsp;available,65.2
1163398.AJJP01000192_gene4292,AJJP01000192_gene4292,annotation&nbsp;not&nbsp;available,65.1
1163398.AJJP01000161_gene1577,AJJP01000161_gene1577,annotation&nbsp;not&nbsp;available,65.1
1163398.AJJP01000015_gene1771,AJJP01000015_gene1771,annotation&nbsp;not&nbsp;available,65.0
1163398.AJJP01000036_gene405,AJJP01000036_gene405,annotation&nbsp;not&nbsp;available,65.0
1163398.AJJP01000088_gene3793,AJJP01000088_gene3793,annotation&nbsp;not&nbsp;available,65.0
1163398.AJJP01000057_gene1997,AJJP01000057_gene1997,annotation&nbsp;not&nbsp;available,65.0
1163398.AJJP01000074_gene2491,AJJP01000074_gene2491,annotation&nbsp;not&nbsp;available,64.9
1163398.AJJP01000137_gene432,AJJP01000137_gene432,annotation&nbsp;not&nbsp;available,64.9
1163398.AJJP01000041_gene2280,AJJP01000041_gene2280,annotation&nbsp;not&nbsp;available,64.8
1163398.AJJP01000043_gene2338,AJJP01000043_gene2338,annotation&nbsp;not&nbsp;available,64.8
1163398.AJJP01000198_gene3537,AJJP01000198_gene3537,annotation&nbsp;not&nbsp;available,64.8
1163398.AJJP01000220_gene3750,AJJP01000220_gene3750,annotation&nbsp;not&nbsp;available,64.8
1163398.AJJP01000109_gene634,AJJP01000109_gene634,annotation&nbsp;not&nbsp;available,64.8
1163398.AJJP01000012_gene571,AJJP01000012_gene571,annotation&nbsp;not&nbsp;available,64.8
1163398.AJJP01000197_gene4423,AJJP01000197_gene4423,annotation&nbsp;not&nbsp;available,64.8
1163398.AJJP01000029_gene544,AJJP01000029_gene544,annotation&nbsp;not&nbsp;available,64.7
1163398.AJJP01000015_gene1790,AJJP01000015_gene1790,annotation&nbsp;not&nbsp;available,64.7
1163398.AJJP01000006_gene2105,AJJP01000006_gene2105,annotation&nbsp;not&nbsp;available,64.7
1163398.AJJP01000195_gene4385,AJJP01000195_gene4385,annotation&nbsp;not&nbsp;available,64.7
1163398.AJJP01000011_gene4541,AJJP01000011_gene4541,annotation&nbsp;not&nbsp;available,64.6
1163398.AJJP01000028_gene540,AJJP01000028_gene540,annotation&nbsp;not&nbsp;available,64.6
1163398.AJJP01000059_gene3108,AJJP01000059_gene3108,annotation&nbsp;not&nbsp;available,64.6
1163398.AJJP01000082_gene5035,AJJP01000082_gene5035,annotation&nbsp;not&nbsp;available,64.6
1163398.AJJP01000032_gene277,AJJP01000032_gene277,annotation&nbsp;not&nbsp;available,64.6
1163398.AJJP01000056_gene1986,AJJP01000056_gene1986,annotation&nbsp;not&nbsp;available,64.6
1163398.AJJP01000167_gene1720,AJJP01000167_gene1720,annotation&nbsp;not&nbsp;available,64.5
1163398.AJJP01000190_gene4264,AJJP01000190_gene4264,annotation&nbsp;not&nbsp;available,64.5
1163398.AJJP01000019_gene1186,AJJP01000019_gene1186,annotation&nbsp;not&nbsp;available,64.5
1163398.AJJP01000170_gene1027,AJJP01000170_gene1027,annotation&nbsp;not&nbsp;available,64.5
1163398.AJJP01000075_gene2559,AJJP01000075_gene2559,annotation&nbsp;not&nbsp;available,64.5
1163398.AJJP01000123_gene4865,AJJP01000123_gene4865,annotation&nbsp;not&nbsp;available,64.5
1163398.AJJP01000076_gene2570,AJJP01000076_gene2570,annotation&nbsp;not&nbsp;available,64.5
1163398.AJJP01000216_gene3034,AJJP01000216_gene3034,annotation&nbsp;not&nbsp;available,64.5
1163398.AJJP01000003_gene3310,AJJP01000003_gene3310,annotation&nbsp;not&nbsp;available,64.5
1163398.AJJP01000032_gene287,AJJP01000032_gene287,annotation&nbsp;not&nbsp;available,64.5
1163398.AJJP01000116_gene916,AJJP01000116_gene916,annotation&nbsp;not&nbsp;available,64.5
1163398.AJJP01000191_gene4281,AJJP01000191_gene4281,annotation&nbsp;not&nbsp;available,64.5
1163398.AJJP01000029_gene553,AJJP01000029_gene553,annotation&nbsp;not&nbsp;available,64.4
1163398.AJJP01000014_gene3730,AJJP01000014_gene3730,annotation&nbsp;not&nbsp;available,64.4
1163398.AJJP01000017_gene3975,AJJP01000017_gene3975,annotation&nbsp;not&nbsp;available,64.4
1163398.AJJP01000084_gene4893,AJJP01000084_gene4893,annotation&nbsp;not&nbsp;available,64.3
1163398.AJJP01000074_gene2501,AJJP01000074_gene2501,annotation&nbsp;not&nbsp;available,64.3
1163398.AJJP01000108_gene632,AJJP01000108_gene632,annotation&nbsp;not&nbsp;available,64.3
1163398.AJJP01000077_gene2571,AJJP01000077_gene2571,annotation&nbsp;not&nbsp;available,64.2
1163398.AJJP01000108_gene617,AJJP01000108_gene617,annotation&nbsp;not&nbsp;available,64.2
1163398.AJJP01000100_gene1532,AJJP01000100_gene1532,annotation&nbsp;not&nbsp;available,64.2
1163398.AJJP01000139_gene3334,AJJP01000139_gene3334,annotation&nbsp;not&nbsp;available,64.2
1163398.AJJP01000043_gene2345,AJJP01000043_gene2345,annotation&nbsp;not&nbsp;available,64.1
1163398.AJJP01000144_gene3509,AJJP01000144_gene3509,annotation&nbsp;not&nbsp;available,64.0
1163398.AJJP01000048_gene2132,AJJP01000048_gene2132,annotation&nbsp;not&nbsp;available,64.0
1163398.AJJP01000053_gene1821,AJJP01000053_gene1821,annotation&nbsp;not&nbsp;available,64.0
1163398.AJJP01000072_gene2678,AJJP01000072_gene2678,annotation&nbsp;not&nbsp;available,63.9
1163398.AJJP01000142_gene3424,AJJP01000142_gene3424,annotation&nbsp;not&nbsp;available,63.9
1163398.AJJP01000038_gene4641,AJJP01000038_gene4641,annotation&nbsp;not&nbsp;available,63.9
1163398.AJJP01000031_gene263,AJJP01000031_gene263,annotation&nbsp;not&nbsp;available,63.9
1163398.AJJP01000032_gene271,AJJP01000032_gene271,annotation&nbsp;not&nbsp;available,63.9
1163398.AJJP01000003_gene3292,AJJP01000003_gene3292,annotation&nbsp;not&nbsp;available,63.9
1163398.AJJP01000190_gene4263,AJJP01000190_gene4263,annotation&nbsp;not&nbsp;available,63.9
1163398.AJJP01000068_gene2423,AJJP01000068_gene2423,annotation&nbsp;not&nbsp;available,63.9
1163398.AJJP01000163_gene1653,AJJP01000163_gene1653,annotation&nbsp;not&nbsp;available,63.8
1163398.AJJP01000134_gene3888,AJJP01000134_gene3888,annotation&nbsp;not&nbsp;available,63.8
1163398.AJJP01000168_gene1128,AJJP01000168_gene1128,annotation&nbsp;not&nbsp;available,63.8
1163398.AJJP01000108_gene606,AJJP01000108_gene606,annotation&nbsp;not&nbsp;available,63.8
1163398.AJJP01000017_gene3947,AJJP01000017_gene3947,annotation&nbsp;not&nbsp;available,63.8
1163398.AJJP01000017_gene3966,AJJP01000017_gene3966,annotation&nbsp;not&nbsp;available,63.7
1163398.AJJP01000077_gene2578,AJJP01000077_gene2578,annotation&nbsp;not&nbsp;available,63.7
1163398.AJJP01000224_gene4434,AJJP01000224_gene4434,annotation&nbsp;not&nbsp;available,63.7
1163398.AJJP01000044_gene2362,AJJP01000044_gene2362,annotation&nbsp;not&nbsp;available,63.7
1163398.AJJP01000142_gene3414,AJJP01000142_gene3414,annotation&nbsp;not&nbsp;available,63.7
1163398.AJJP01000149_gene2705,AJJP01000149_gene2705,annotation&nbsp;not&nbsp;available,63.7
1163398.AJJP01000037_gene2257,AJJP01000037_gene2257,annotation&nbsp;not&nbsp;available,63.7
1163398.AJJP01000020_gene1403,AJJP01000020_gene1403,annotation&nbsp;not&nbsp;available,63.7
1163398.AJJP01000060_gene3204,AJJP01000060_gene3204,annotation&nbsp;not&nbsp;available,63.7
1163398.AJJP01000069_gene2464,AJJP01000069_gene2464,annotation&nbsp;not&nbsp;available,63.7
1163398.AJJP01000011_gene4545,AJJP01000011_gene4545,annotation&nbsp;not&nbsp;available,63.7
1163398.AJJP01000130_gene4438,AJJP01000130_gene4438,annotation&nbsp;not&nbsp;available,63.6
1163398.AJJP01000142_gene3436,AJJP01000142_gene3436,annotation&nbsp;not&nbsp;available,63.6
1163398.AJJP01000043_gene2318,AJJP01000043_gene2318,annotation&nbsp;not&nbsp;available,63.6
1163398.AJJP01000013_gene535,AJJP01000013_gene535,annotation&nbsp;not&nbsp;available,63.6
1163398.AJJP01000003_gene3280,AJJP01000003_gene3280,annotation&nbsp;not&nbsp;available,63.6
1163398.AJJP01000062_gene3165,AJJP01000062_gene3165,annotation&nbsp;not&nbsp;available,63.6
1163398.AJJP01000074_gene2496,AJJP01000074_gene2496,annotation&nbsp;not&nbsp;available,63.5
1163398.AJJP01000205_gene3539,AJJP01000205_gene3539,annotation&nbsp;not&nbsp;available,63.5
1163398.AJJP01000093_gene4085,AJJP01000093_gene4085,annotation&nbsp;not&nbsp;available,63.5
1163398.AJJP01000054_gene2069,AJJP01000054_gene2069,annotation&nbsp;not&nbsp;available,63.5
1163398.AJJP01000215_gene3061,AJJP01000215_gene3061,annotation&nbsp;not&nbsp;available,63.4
1163398.AJJP01000150_gene2898,AJJP01000150_gene2898,annotation&nbsp;not&nbsp;available,63.4
1163398.AJJP01000184_gene120,AJJP01000184_gene120,annotation&nbsp;not&nbsp;available,63.4
1163398.AJJP01000073_gene2404,AJJP01000073_gene2404,annotation&nbsp;not&nbsp;available,63.4
1163398.AJJP01000137_gene429,AJJP01000137_gene429,annotation&nbsp;not&nbsp;available,63.4
1163398.AJJP01000019_gene1203,AJJP01000019_gene1203,annotation&nbsp;not&nbsp;available,63.4
1163398.AJJP01000014_gene3689,AJJP01000014_gene3689,annotation&nbsp;not&nbsp;available,63.4
1163398.AJJP01000074_gene2537,AJJP01000074_gene2537,annotation&nbsp;not&nbsp;available,63.4
1163398.AJJP01000188_gene4227,AJJP01000188_gene4227,annotation&nbsp;not&nbsp;available,63.3
1163398.AJJP01000184_gene132,AJJP01000184_gene132,annotation&nbsp;not&nbsp;available,63.3
1163398.AJJP01000014_gene3705,AJJP01000014_gene3705,annotation&nbsp;not&nbsp;available,63.3
1163398.AJJP01000184_gene134,AJJP01000184_gene134,annotation&nbsp;not&nbsp;available,63.3
1163398.AJJP01000175_gene1101,AJJP01000175_gene1101,annotation&nbsp;not&nbsp;available,63.3
1163398.AJJP01000031_gene257,AJJP01000031_gene257,annotation&nbsp;not&nbsp;available,63.3
1163398.AJJP01000111_gene766,AJJP01000111_gene766,annotation&nbsp;not&nbsp;available,63.3
1163398.AJJP01000111_gene768,AJJP01000111_gene768,annotation&nbsp;not&nbsp;available,63.3
1163398.AJJP01000117_gene923,AJJP01000117_gene923,annotation&nbsp;not&nbsp;available,63.2
1163398.AJJP01000018_gene1269,AJJP01000018_gene1269,annotation&nbsp;not&nbsp;available,63.2
1163398.AJJP01000111_gene780,AJJP01000111_gene780,annotation&nbsp;not&nbsp;available,63.2
1163398.AJJP01000057_gene2022,AJJP01000057_gene2022,annotation&nbsp;not&nbsp;available,63.2
1163398.AJJP01000046_gene4326,AJJP01000046_gene4326,annotation&nbsp;not&nbsp;available,63.2
1163398.AJJP01000199_gene3513,AJJP01000199_gene3513,annotation&nbsp;not&nbsp;available,63.2
1163398.AJJP01000137_gene512,AJJP01000137_gene512,annotation&nbsp;not&nbsp;available,63.2
1163398.AJJP01000118_gene4609,AJJP01000118_gene4609,annotation&nbsp;not&nbsp;available,63.2
1163398.AJJP01000156_gene2826,AJJP01000156_gene2826,annotation&nbsp;not&nbsp;available,63.1
1163398.AJJP01000006_gene2107,AJJP01000006_gene2107,annotation&nbsp;not&nbsp;available,63.1
1163398.AJJP01000050_gene1853,AJJP01000050_gene1853,annotation&nbsp;not&nbsp;available,63.1
1163398.AJJP01000039_gene3091,AJJP01000039_gene3091,annotation&nbsp;not&nbsp;available,63.1
1163398.AJJP01000167_gene1714,AJJP01000167_gene1714,annotation&nbsp;not&nbsp;available,63.1
1163398.AJJP01000074_gene2539,AJJP01000074_gene2539,annotation&nbsp;not&nbsp;available,63.1
1163398.AJJP01000188_gene4224,AJJP01000188_gene4224,annotation&nbsp;not&nbsp;available,63.1
1163398.AJJP01000017_gene4003,AJJP01000017_gene4003,annotation&nbsp;not&nbsp;available,63.0
1163398.AJJP01000137_gene500,AJJP01000137_gene500,annotation&nbsp;not&nbsp;available,63.0
1163398.AJJP01000018_gene1250,AJJP01000018_gene1250,annotation&nbsp;not&nbsp;available,63.0
1163398.AJJP01000129_gene4043,AJJP01000129_gene4043,annotation&nbsp;not&nbsp;available,63.0
1163398.AJJP01000017_gene3948,AJJP01000017_gene3948,annotation&nbsp;not&nbsp;available,63.0
1163398.AJJP01000134_gene3918,AJJP01000134_gene3918,annotation&nbsp;not&nbsp;available,62.9
1163398.AJJP01000055_gene2093,AJJP01000055_gene2093,annotation&nbsp;not&nbsp;available,62.9
1163398.AJJP01000014_gene3704,AJJP01000014_gene3704,annotation&nbsp;not&nbsp;available,62.9
1163398.AJJP01000079_gene4183,AJJP01000079_gene4183,annotation&nbsp;not&nbsp;available,62.9
1163398.AJJP01000108_gene615,AJJP01000108_gene615,annotation&nbsp;not&nbsp;available,62.8
1163398.AJJP01000109_gene680,AJJP01000109_gene680,annotation&nbsp;not&nbsp;available,62.8
1163398.AJJP01000124_gene4673,AJJP01000124_gene4673,annotation&nbsp;not&nbsp;available,62.8
1163398.AJJP01000012_gene574,AJJP01000012_gene574,annotation&nbsp;not&nbsp;available,62.8
1163398.AJJP01000153_gene3010,AJJP01000153_gene3010,annotation&nbsp;not&nbsp;available,62.8
1163398.AJJP01000106_gene1423,AJJP01000106_gene1423,annotation&nbsp;not&nbsp;available,62.8
1163398.AJJP01000110_gene740,AJJP01000110_gene740,annotation&nbsp;not&nbsp;available,62.8
1163398.AJJP01000070_gene2613,AJJP01000070_gene2613,annotation&nbsp;not&nbsp;available,62.8
1163398.AJJP01000127_gene4737,AJJP01000127_gene4737,annotation&nbsp;not&nbsp;available,62.7
1163398.AJJP01000068_gene2418,AJJP01000068_gene2418,annotation&nbsp;not&nbsp;available,62.7
1163398.AJJP01000112_gene821,AJJP01000112_gene821,annotation&nbsp;not&nbsp;available,62.7
1163398.AJJP01000063_gene3140,AJJP01000063_gene3140,annotation&nbsp;not&nbsp;available,62.7
1163398.AJJP01000059_gene3104,AJJP01000059_gene3104,annotation&nbsp;not&nbsp;available,62.7
1163398.AJJP01000160_gene1622,AJJP01000160_gene1622,annotation&nbsp;not&nbsp;available,62.6
1163398.AJJP01000197_gene4411,AJJP01000197_gene4411,annotation&nbsp;not&nbsp;available,62.6
1163398.AJJP01000123_gene4811,AJJP01000123_gene4811,annotation&nbsp;not&nbsp;available,62.6
1163398.AJJP01000160_gene1643,AJJP01000160_gene1643,annotation&nbsp;not&nbsp;available,62.6
1163398.AJJP01000044_gene2364,AJJP01000044_gene2364,annotation&nbsp;not&nbsp;available,62.5
1163398.AJJP01000071_gene2634,AJJP01000071_gene2634,annotation&nbsp;not&nbsp;available,62.5
1163398.AJJP01000139_gene3342,AJJP01000139_gene3342,annotation&nbsp;not&nbsp;available,62.4
1163398.AJJP01000162_gene1664,AJJP01000162_gene1664,annotation&nbsp;not&nbsp;available,62.4
1163398.AJJP01000055_gene2092,AJJP01000055_gene2092,annotation&nbsp;not&nbsp;available,62.4
1163398.AJJP01000134_gene3902,AJJP01000134_gene3902,annotation&nbsp;not&nbsp;available,62.4
1163398.AJJP01000017_gene3930,AJJP01000017_gene3930,annotation&nbsp;not&nbsp;available,62.3
1163398.AJJP01000079_gene4188,AJJP01000079_gene4188,annotation&nbsp;not&nbsp;available,62.3
1163398.AJJP01000126_gene4763,AJJP01000126_gene4763,annotation&nbsp;not&nbsp;available,62.3
1163398.AJJP01000090_gene3669,AJJP01000090_gene3669,annotation&nbsp;not&nbsp;available,62.3
1163398.AJJP01000031_gene253,AJJP01000031_gene253,annotation&nbsp;not&nbsp;available,62.3
1163398.AJJP01000069_gene2435,AJJP01000069_gene2435,annotation&nbsp;not&nbsp;available,62.3
1163398.AJJP01000046_gene4351,AJJP01000046_gene4351,annotation&nbsp;not&nbsp;available,62.3
1163398.AJJP01000082_gene5011,AJJP01000082_gene5011,annotation&nbsp;not&nbsp;available,62.2
1163398.AJJP01000072_gene2686,AJJP01000072_gene2686,annotation&nbsp;not&nbsp;available,62.2
1163398.AJJP01000130_gene4439,AJJP01000130_gene4439,annotation&nbsp;not&nbsp;available,62.2
1163398.AJJP01000150_gene2895,AJJP01000150_gene2895,annotation&nbsp;not&nbsp;available,62.2
1163398.AJJP01000184_gene90,AJJP01000184_gene90,annotation&nbsp;not&nbsp;available,62.2
1163398.AJJP01000048_gene2152,AJJP01000048_gene2152,annotation&nbsp;not&nbsp;available,62.2
1163398.AJJP01000069_gene2428,AJJP01000069_gene2428,annotation&nbsp;not&nbsp;available,62.2
1163398.AJJP01000019_gene1206,AJJP01000019_gene1206,annotation&nbsp;not&nbsp;available,62.2
1163398.AJJP01000056_gene1976,AJJP01000056_gene1976,annotation&nbsp;not&nbsp;available,62.2
1163398.AJJP01000087_gene4916,AJJP01000087_gene4916,annotation&nbsp;not&nbsp;available,62.2
1163398.AJJP01000160_gene1634,AJJP01000160_gene1634,annotation&nbsp;not&nbsp;available,62.2
1163398.AJJP01000083_gene4981,AJJP01000083_gene4981,annotation&nbsp;not&nbsp;available,62.2
1163398.AJJP01000038_gene4656,AJJP01000038_gene4656,annotation&nbsp;not&nbsp;available,62.2
1163398.AJJP01000066_gene3240,AJJP01000066_gene3240,annotation&nbsp;not&nbsp;available,62.1
1163398.AJJP01000179_gene208,AJJP01000179_gene208,annotation&nbsp;not&nbsp;available,62.1
1163398.AJJP01000138_gene2173,AJJP01000138_gene2173,annotation&nbsp;not&nbsp;available,62.1
1163398.AJJP01000219_gene2390,AJJP01000219_gene2390,annotation&nbsp;not&nbsp;available,62.1
1163398.AJJP01000149_gene2699,AJJP01000149_gene2699,annotation&nbsp;not&nbsp;available,62.1
1163398.AJJP01000031_gene264,AJJP01000031_gene264,annotation&nbsp;not&nbsp;available,62.1
1163398.AJJP01000050_gene1923,AJJP01000050_gene1923,annotation&nbsp;not&nbsp;available,62.1
1163398.AJJP01000054_gene2066,AJJP01000054_gene2066,annotation&nbsp;not&nbsp;available,62.1
1163398.AJJP01000184_gene126,AJJP01000184_gene126,annotation&nbsp;not&nbsp;available,62.1
1163398.AJJP01000120_gene4790,AJJP01000120_gene4790,annotation&nbsp;not&nbsp;available,62.1
1163398.AJJP01000107_gene1418,AJJP01000107_gene1418,annotation&nbsp;not&nbsp;available,62.0
1163398.AJJP01000126_gene4766,AJJP01000126_gene4766,annotation&nbsp;not&nbsp;available,62.0
1163398.AJJP01000183_gene165,AJJP01000183_gene165,annotation&nbsp;not&nbsp;available,62.0
1163398.AJJP01000142_gene3425,AJJP01000142_gene3425,annotation&nbsp;not&nbsp;available,62.0
1163398.AJJP01000056_gene1937,AJJP01000056_gene1937,annotation&nbsp;not&nbsp;available,62.0
1163398.AJJP01000138_gene2170,AJJP01000138_gene2170,annotation&nbsp;not&nbsp;available,62.0
1163398.AJJP01000019_gene1181,AJJP01000019_gene1181,annotation&nbsp;not&nbsp;available,62.0
1163398.AJJP01000208_gene3015,AJJP01000208_gene3015,annotation&nbsp;not&nbsp;available,61.9
1163398.AJJP01000019_gene1196,AJJP01000019_gene1196,annotation&nbsp;not&nbsp;available,61.9
1163398.AJJP01000060_gene3207,AJJP01000060_gene3207,annotation&nbsp;not&nbsp;available,61.9
1163398.AJJP01000161_gene1574,AJJP01000161_gene1574,annotation&nbsp;not&nbsp;available,61.9
1163398.AJJP01000091_gene1548,AJJP01000091_gene1548,annotation&nbsp;not&nbsp;available,61.9
1163398.AJJP01000190_gene4266,AJJP01000190_gene4266,annotation&nbsp;not&nbsp;available,61.9
1163398.AJJP01000032_gene280,AJJP01000032_gene280,annotation&nbsp;not&nbsp;available,61.9
1163398.AJJP01000066_gene3218,AJJP01000066_gene3218,annotation&nbsp;not&nbsp;available,61.8
1163398.AJJP01000184_gene136,AJJP01000184_gene136,annotation&nbsp;not&nbsp;available,61.8
1163398.AJJP01000103_gene1481,AJJP01000103_gene1481,annotation&nbsp;not&nbsp;available,61.8
1163398.AJJP01000104_gene1470,AJJP01000104_gene1470,annotation&nbsp;not&nbsp;available,61.8
1163398.AJJP01000043_gene2308,AJJP01000043_gene2308,annotation&nbsp;not&nbsp;available,61.7
1163398.AJJP01000081_gene4960,AJJP01000081_gene4960,annotation&nbsp;not&nbsp;available,61.7
1163398.AJJP01000046_gene4334,AJJP01000046_gene4334,annotation&nbsp;not&nbsp;available,61.7
1163398.AJJP01000126_gene4767,AJJP01000126_gene4767,annotation&nbsp;not&nbsp;available,61.7
1163398.AJJP01000113_gene831,AJJP01000113_gene831,annotation&nbsp;not&nbsp;available,61.7
1163398.AJJP01000099_gene1538,AJJP01000099_gene1538,annotation&nbsp;not&nbsp;available,61.7
1163398.AJJP01000008_gene4128,AJJP01000008_gene4128,annotation&nbsp;not&nbsp;available,61.7
1163398.AJJP01000008_gene4158,AJJP01000008_gene4158,annotation&nbsp;not&nbsp;available,61.6
1163398.AJJP01000018_gene1261,AJJP01000018_gene1261,annotation&nbsp;not&nbsp;available,61.6
1163398.AJJP01000184_gene92,AJJP01000184_gene92,annotation&nbsp;not&nbsp;available,61.6
1163398.AJJP01000093_gene4086,AJJP01000093_gene4086,annotation&nbsp;not&nbsp;available,61.6
1163398.AJJP01000137_gene481,AJJP01000137_gene481,annotation&nbsp;not&nbsp;available,61.6
1163398.AJJP01000137_gene462,AJJP01000137_gene462,annotation&nbsp;not&nbsp;available,61.6
1163398.AJJP01000193_gene2192,AJJP01000193_gene2192,annotation&nbsp;not&nbsp;available,61.6
1163398.AJJP01000006_gene2109,AJJP01000006_gene2109,annotation&nbsp;not&nbsp;available,61.6
1163398.AJJP01000053_gene1820,AJJP01000053_gene1820,annotation&nbsp;not&nbsp;available,61.5
1163398.AJJP01000007_gene3346,AJJP01000007_gene3346,annotation&nbsp;not&nbsp;available,61.5
1163398.AJJP01000082_gene5013,AJJP01000082_gene5013,annotation&nbsp;not&nbsp;available,61.5
1163398.AJJP01000110_gene741,AJJP01000110_gene741,annotation&nbsp;not&nbsp;available,61.5
1163398.AJJP01000105_gene1447,AJJP01000105_gene1447,annotation&nbsp;not&nbsp;available,61.5
1163398.AJJP01000018_gene1231,AJJP01000018_gene1231,annotation&nbsp;not&nbsp;available,61.4
1163398.AJJP01000124_gene4701,AJJP01000124_gene4701,annotation&nbsp;not&nbsp;available,61.4
1163398.AJJP01000090_gene3672,AJJP01000090_gene3672,annotation&nbsp;not&nbsp;available,61.4
1163398.AJJP01000167_gene1731,AJJP01000167_gene1731,annotation&nbsp;not&nbsp;available,61.3
1163398.AJJP01000202_gene3625,AJJP01000202_gene3625,annotation&nbsp;not&nbsp;available,61.3
1163398.AJJP01000134_gene3843,AJJP01000134_gene3843,annotation&nbsp;not&nbsp;available,61.3
1163398.AJJP01000024_gene1336,AJJP01000024_gene1336,annotation&nbsp;not&nbsp;available,61.2
1163398.AJJP01000071_gene2649,AJJP01000071_gene2649,annotation&nbsp;not&nbsp;available,61.2
1163398.AJJP01000123_gene4836,AJJP01000123_gene4836,annotation&nbsp;not&nbsp;available,61.2
1163398.AJJP01000138_gene2178,AJJP01000138_gene2178,annotation&nbsp;not&nbsp;available,61.2
1163398.AJJP01000185_gene82,AJJP01000185_gene82,annotation&nbsp;not&nbsp;available,61.2
1163398.AJJP01000087_gene4939,AJJP01000087_gene4939,annotation&nbsp;not&nbsp;available,61.2
1163398.AJJP01000047_gene2381,AJJP01000047_gene2381,annotation&nbsp;not&nbsp;available,61.1
1163398.AJJP01000090_gene3638,AJJP01000090_gene3638,annotation&nbsp;not&nbsp;available,61.1
1163398.AJJP01000014_gene3692,AJJP01000014_gene3692,annotation&nbsp;not&nbsp;available,61.1
1163398.AJJP01000008_gene4141,AJJP01000008_gene4141,annotation&nbsp;not&nbsp;available,61.1
1163398.AJJP01000069_gene2456,AJJP01000069_gene2456,annotation&nbsp;not&nbsp;available,61.1
1163398.AJJP01000070_gene2628,AJJP01000070_gene2628,annotation&nbsp;not&nbsp;available,61.1
1163398.AJJP01000184_gene86,AJJP01000184_gene86,annotation&nbsp;not&nbsp;available,61.1
1163398.AJJP01000031_gene250,AJJP01000031_gene250,annotation&nbsp;not&nbsp;available,61.0
1163398.AJJP01000138_gene2166,AJJP01000138_gene2166,annotation&nbsp;not&nbsp;available,61.0
1163398.AJJP01000090_gene3680,AJJP01000090_gene3680,annotation&nbsp;not&nbsp;available,61.0
1163398.AJJP01000048_gene2151,AJJP01000048_gene2151,annotation&nbsp;not&nbsp;available,60.9
1163398.AJJP01000109_gene639,AJJP01000109_gene639,annotation&nbsp;not&nbsp;available,60.9
1163398.AJJP01000075_gene2563,AJJP01000075_gene2563,annotation&nbsp;not&nbsp;available,60.9
1163398.AJJP01000221_gene3760,AJJP01000221_gene3760,annotation&nbsp;not&nbsp;available,60.7
1163398.AJJP01000078_gene4503,AJJP01000078_gene4503,annotation&nbsp;not&nbsp;available,60.7
1163398.AJJP01000110_gene739,AJJP01000110_gene739,annotation&nbsp;not&nbsp;available,60.7
1163398.AJJP01000018_gene1260,AJJP01000018_gene1260,annotation&nbsp;not&nbsp;available,60.7
1163398.AJJP01000170_gene1029,AJJP01000170_gene1029,annotation&nbsp;not&nbsp;available,60.7
1163398.AJJP01000087_gene4922,AJJP01000087_gene4922,annotation&nbsp;not&nbsp;available,60.6
1163398.AJJP01000011_gene4573,AJJP01000011_gene4573,annotation&nbsp;not&nbsp;available,60.6
1163398.AJJP01000116_gene915,AJJP01000116_gene915,annotation&nbsp;not&nbsp;available,60.6
1163398.AJJP01000056_gene1934,AJJP01000056_gene1934,annotation&nbsp;not&nbsp;available,60.6
1163398.AJJP01000046_gene4331,AJJP01000046_gene4331,annotation&nbsp;not&nbsp;available,60.6
1163398.AJJP01000082_gene5018,AJJP01000082_gene5018,annotation&nbsp;not&nbsp;available,60.5
1163398.AJJP01000142_gene3410,AJJP01000142_gene3410,annotation&nbsp;not&nbsp;available,60.5
1163398.AJJP01000079_gene4185,AJJP01000079_gene4185,annotation&nbsp;not&nbsp;available,60.5
1163398.AJJP01000071_gene2666,AJJP01000071_gene2666,annotation&nbsp;not&nbsp;available,60.5
1163398.AJJP01000130_gene4449,AJJP01000130_gene4449,annotation&nbsp;not&nbsp;available,60.4
1163398.AJJP01000070_gene2611,AJJP01000070_gene2611,annotation&nbsp;not&nbsp;available,60.4
1163398.AJJP01000112_gene819,AJJP01000112_gene819,annotation&nbsp;not&nbsp;available,60.4
1163398.AJJP01000197_gene4409,AJJP01000197_gene4409,annotation&nbsp;not&nbsp;available,60.4
1163398.AJJP01000160_gene1609,AJJP01000160_gene1609,annotation&nbsp;not&nbsp;available,60.4
1163398.AJJP01000036_gene409,AJJP01000036_gene409,annotation&nbsp;not&nbsp;available,60.4
1163398.AJJP01000061_gene3182,AJJP01000061_gene3182,annotation&nbsp;not&nbsp;available,60.3
1163398.AJJP01000126_gene4769,AJJP01000126_gene4769,annotation&nbsp;not&nbsp;available,60.3
1163398.AJJP01000156_gene2806,AJJP01000156_gene2806,annotation&nbsp;not&nbsp;available,60.3
1163398.AJJP01000081_gene4951,AJJP01000081_gene4951,annotation&nbsp;not&nbsp;available,60.3
1163398.AJJP01000124_gene4684,AJJP01000124_gene4684,annotation&nbsp;not&nbsp;available,60.3
1163398.AJJP01000123_gene4816,AJJP01000123_gene4816,annotation&nbsp;not&nbsp;available,60.3
1163398.AJJP01000111_gene792,AJJP01000111_gene792,annotation&nbsp;not&nbsp;available,60.3
1163398.AJJP01000110_gene723,AJJP01000110_gene723,annotation&nbsp;not&nbsp;available,60.3
1163398.AJJP01000200_gene3610,AJJP01000200_gene3610,annotation&nbsp;not&nbsp;available,60.2
1163398.AJJP01000130_gene4443,AJJP01000130_gene4443,annotation&nbsp;not&nbsp;available,60.2
1163398.AJJP01000018_gene1256,AJJP01000018_gene1256,annotation&nbsp;not&nbsp;available,60.2
1163398.AJJP01000022_gene1348,AJJP01000022_gene1348,annotation&nbsp;not&nbsp;available,60.2
1163398.AJJP01000134_gene3881,AJJP01000134_gene3881,annotation&nbsp;not&nbsp;available,60.1
1163398.AJJP01000022_gene1340,AJJP01000022_gene1340,annotation&nbsp;not&nbsp;available,60.1
1163398.AJJP01000198_gene3519,AJJP01000198_gene3519,annotation&nbsp;not&nbsp;available,60.1
1163398.AJJP01000142_gene3413,AJJP01000142_gene3413,annotation&nbsp;not&nbsp;available,60.1
1163398.AJJP01000008_gene4114,AJJP01000008_gene4114,annotation&nbsp;not&nbsp;available,60.0
1163398.AJJP01000174_gene1097,AJJP01000174_gene1097,annotation&nbsp;not&nbsp;available,60.0
1163398.AJJP01000109_gene672,AJJP01000109_gene672,annotation&nbsp;not&nbsp;available,60.0
1163398.AJJP01000050_gene1878,AJJP01000050_gene1878,annotation&nbsp;not&nbsp;available,60.0
1163398.AJJP01000114_gene850,AJJP01000114_gene850,annotation&nbsp;not&nbsp;available,60.0
1163398.AJJP01000109_gene667,AJJP01000109_gene667,annotation&nbsp;not&nbsp;available,60.0
1163398.AJJP01000170_gene996,AJJP01000170_gene996,annotation&nbsp;not&nbsp;available,59.9
1163398.AJJP01000146_gene3475,AJJP01000146_gene3475,annotation&nbsp;not&nbsp;available,59.9
1163398.AJJP01000008_gene4127,AJJP01000008_gene4127,annotation&nbsp;not&nbsp;available,59.9
1163398.AJJP01000167_gene1721,AJJP01000167_gene1721,annotation&nbsp;not&nbsp;available,59.9
1163398.AJJP01000161_gene1588,AJJP01000161_gene1588,annotation&nbsp;not&nbsp;available,59.9
1163398.AJJP01000172_gene933,AJJP01000172_gene933,annotation&nbsp;not&nbsp;available,59.9
1163398.AJJP01000083_gene4979,AJJP01000083_gene4979,annotation&nbsp;not&nbsp;available,59.9
1163398.AJJP01000124_gene4692,AJJP01000124_gene4692,annotation&nbsp;not&nbsp;available,59.8
1163398.AJJP01000197_gene4431,AJJP01000197_gene4431,annotation&nbsp;not&nbsp;available,59.8
1163398.AJJP01000033_gene299,AJJP01000033_gene299,annotation&nbsp;not&nbsp;available,59.8
1163398.AJJP01000035_gene391,AJJP01000035_gene391,annotation&nbsp;not&nbsp;available,59.8
1163398.AJJP01000134_gene3882,AJJP01000134_gene3882,annotation&nbsp;not&nbsp;available,59.8
1163398.AJJP01000038_gene4647,AJJP01000038_gene4647,annotation&nbsp;not&nbsp;available,59.7
1163398.AJJP01000104_gene1466,AJJP01000104_gene1466,annotation&nbsp;not&nbsp;available,59.7
1163398.AJJP01000142_gene3428,AJJP01000142_gene3428,annotation&nbsp;not&nbsp;available,59.7
1163398.AJJP01000137_gene448,AJJP01000137_gene448,annotation&nbsp;not&nbsp;available,59.7
1163398.AJJP01000012_gene570,AJJP01000012_gene570,annotation&nbsp;not&nbsp;available,59.7
1163398.AJJP01000054_gene2071,AJJP01000054_gene2071,annotation&nbsp;not&nbsp;available,59.7
1163398.AJJP01000109_gene671,AJJP01000109_gene671,annotation&nbsp;not&nbsp;available,59.7
1163398.AJJP01000107_gene1407,AJJP01000107_gene1407,annotation&nbsp;not&nbsp;available,59.6
1163398.AJJP01000167_gene1706,AJJP01000167_gene1706,annotation&nbsp;not&nbsp;available,59.6
1163398.AJJP01000063_gene3126,AJJP01000063_gene3126,annotation&nbsp;not&nbsp;available,59.6
1163398.AJJP01000099_gene1541,AJJP01000099_gene1541,annotation&nbsp;not&nbsp;available,59.6
1163398.AJJP01000161_gene1578,AJJP01000161_gene1578,annotation&nbsp;not&nbsp;available,59.5
1163398.AJJP01000014_gene3716,AJJP01000014_gene3716,annotation&nbsp;not&nbsp;available,59.5
1163398.AJJP01000090_gene3649,AJJP01000090_gene3649,annotation&nbsp;not&nbsp;available,59.5
1163398.AJJP01000061_gene3197,AJJP01000061_gene3197,annotation&nbsp;not&nbsp;available,59.5
1163398.AJJP01000014_gene3738,AJJP01000014_gene3738,annotation&nbsp;not&nbsp;available,59.5
1163398.AJJP01000069_gene2442,AJJP01000069_gene2442,annotation&nbsp;not&nbsp;available,59.4
1163398.AJJP01000167_gene1704,AJJP01000167_gene1704,annotation&nbsp;not&nbsp;available,59.4
1163398.AJJP01000071_gene2639,AJJP01000071_gene2639,annotation&nbsp;not&nbsp;available,59.4
1163398.AJJP01000018_gene1248,AJJP01000018_gene1248,annotation&nbsp;not&nbsp;available,59.4
1163398.AJJP01000112_gene805,AJJP01000112_gene805,annotation&nbsp;not&nbsp;available,59.2
1163398.AJJP01000170_gene1024,AJJP01000170_gene1024,annotation&nbsp;not&nbsp;available,59.2
1163398.AJJP01000189_gene4256,AJJP01000189_gene4256,annotation&nbsp;not&nbsp;available,59.2
1163398.AJJP01000074_gene2499,AJJP01000074_gene2499,annotation&nbsp;not&nbsp;available,59.2
1163398.AJJP01000111_gene786,AJJP01000111_gene786,annotation&nbsp;not&nbsp;available,59.2
1163398.AJJP01000074_gene2520,AJJP01000074_gene2520,annotation&nbsp;not&nbsp;available,59.1
1163398.AJJP01000160_gene1623,AJJP01000160_gene1623,annotation&nbsp;not&nbsp;available,59.1
1163398.AJJP01000164_gene1681,AJJP01000164_gene1681,annotation&nbsp;not&nbsp;available,59.1
1163398.AJJP01000189_gene4250,AJJP01000189_gene4250,annotation&nbsp;not&nbsp;available,59.0
1163398.AJJP01000092_gene4062,AJJP01000092_gene4062,annotation&nbsp;not&nbsp;available,59.0
1163398.AJJP01000162_gene1661,AJJP01000162_gene1661,annotation&nbsp;not&nbsp;available,59.0
1163398.AJJP01000018_gene1252,AJJP01000018_gene1252,annotation&nbsp;not&nbsp;available,59.0
1163398.AJJP01000057_gene1996,AJJP01000057_gene1996,annotation&nbsp;not&nbsp;available,59.0
1163398.AJJP01000191_gene4287,AJJP01000191_gene4287,annotation&nbsp;not&nbsp;available,59.0
1163398.AJJP01000137_gene518,AJJP01000137_gene518,annotation&nbsp;not&nbsp;available,58.9
1163398.AJJP01000074_gene2481,AJJP01000074_gene2481,annotation&nbsp;not&nbsp;available,58.9
1163398.AJJP01000019_gene1215,AJJP01000019_gene1215,annotation&nbsp;not&nbsp;available,58.9
1163398.AJJP01000087_gene4940,AJJP01000087_gene4940,annotation&nbsp;not&nbsp;available,58.9
1163398.AJJP01000103_gene1482,AJJP01000103_gene1482,annotation&nbsp;not&nbsp;available,58.9
1163398.AJJP01000137_gene479,AJJP01000137_gene479,annotation&nbsp;not&nbsp;available,58.9
1163398.AJJP01000150_gene2886,AJJP01000150_gene2886,annotation&nbsp;not&nbsp;available,58.9
1163398.AJJP01000164_gene1678,AJJP01000164_gene1678,annotation&nbsp;not&nbsp;available,58.9
1163398.AJJP01000070_gene2622,AJJP01000070_gene2622,annotation&nbsp;not&nbsp;available,58.9
1163398.AJJP01000103_gene1488,AJJP01000103_gene1488,annotation&nbsp;not&nbsp;available,58.8
1163398.AJJP01000037_gene2260,AJJP01000037_gene2260,annotation&nbsp;not&nbsp;available,58.8
1163398.AJJP01000061_gene3181,AJJP01000061_gene3181,annotation&nbsp;not&nbsp;available,58.8
1163398.AJJP01000189_gene4254,AJJP01000189_gene4254,annotation&nbsp;not&nbsp;available,58.8
1163398.AJJP01000188_gene4223,AJJP01000188_gene4223,annotation&nbsp;not&nbsp;available,58.8
1163398.AJJP01000083_gene4974,AJJP01000083_gene4974,annotation&nbsp;not&nbsp;available,58.7
1163398.AJJP01000070_gene2614,AJJP01000070_gene2614,annotation&nbsp;not&nbsp;available,58.7
1163398.AJJP01000194_gene4369,AJJP01000194_gene4369,annotation&nbsp;not&nbsp;available,58.7
1163398.AJJP01000109_gene692,AJJP01000109_gene692,annotation&nbsp;not&nbsp;available,58.7
1163398.AJJP01000003_gene3311,AJJP01000003_gene3311,annotation&nbsp;not&nbsp;available,58.6
1163398.AJJP01000124_gene4680,AJJP01000124_gene4680,annotation&nbsp;not&nbsp;available,58.6
1163398.AJJP01000047_gene2384,AJJP01000047_gene2384,annotation&nbsp;not&nbsp;available,58.6
1163398.AJJP01000046_gene4356,AJJP01000046_gene4356,annotation&nbsp;not&nbsp;available,58.6
1163398.AJJP01000036_gene404,AJJP01000036_gene404,annotation&nbsp;not&nbsp;available,58.6
1163398.AJJP01000114_gene853,AJJP01000114_gene853,annotation&nbsp;not&nbsp;available,58.6
1163398.AJJP01000123_gene4864,AJJP01000123_gene4864,annotation&nbsp;not&nbsp;available,58.6
1163398.AJJP01000010_gene3808,AJJP01000010_gene3808,annotation&nbsp;not&nbsp;available,58.5
1163398.AJJP01000162_gene1665,AJJP01000162_gene1665,annotation&nbsp;not&nbsp;available,58.5
1163398.AJJP01000079_gene4193,AJJP01000079_gene4193,annotation&nbsp;not&nbsp;available,58.5
1163398.AJJP01000213_gene3071,AJJP01000213_gene3071,annotation&nbsp;not&nbsp;available,58.5
1163398.AJJP01000161_gene1575,AJJP01000161_gene1575,annotation&nbsp;not&nbsp;available,58.5
1163398.AJJP01000150_gene2883,AJJP01000150_gene2883,annotation&nbsp;not&nbsp;available,58.5
1163398.AJJP01000017_gene3996,AJJP01000017_gene3996,annotation&nbsp;not&nbsp;available,58.5
1163398.AJJP01000026_gene1292,AJJP01000026_gene1292,annotation&nbsp;not&nbsp;available,58.5
1163398.AJJP01000168_gene1145,AJJP01000168_gene1145,annotation&nbsp;not&nbsp;available,58.4
1163398.AJJP01000011_gene4568,AJJP01000011_gene4568,annotation&nbsp;not&nbsp;available,58.4
1163398.AJJP01000137_gene502,AJJP01000137_gene502,annotation&nbsp;not&nbsp;available,58.3
1163398.AJJP01000082_gene5016,AJJP01000082_gene5016,annotation&nbsp;not&nbsp;available,58.3
1163398.AJJP01000017_gene3932,AJJP01000017_gene3932,annotation&nbsp;not&nbsp;available,58.3
1163398.AJJP01000008_gene4153,AJJP01000008_gene4153,annotation&nbsp;not&nbsp;available,58.3
1163398.AJJP01000149_gene2720,AJJP01000149_gene2720,annotation&nbsp;not&nbsp;available,58.3
1163398.AJJP01000114_gene851,AJJP01000114_gene851,annotation&nbsp;not&nbsp;available,58.3
1163398.AJJP01000014_gene3714,AJJP01000014_gene3714,annotation&nbsp;not&nbsp;available,58.2
1163398.AJJP01000068_gene2424,AJJP01000068_gene2424,annotation&nbsp;not&nbsp;available,58.2
1163398.AJJP01000048_gene2135,AJJP01000048_gene2135,annotation&nbsp;not&nbsp;available,58.2
1163398.AJJP01000193_gene2207,AJJP01000193_gene2207,annotation&nbsp;not&nbsp;available,58.2
1163398.AJJP01000193_gene2221,AJJP01000193_gene2221,annotation&nbsp;not&nbsp;available,58.1
1163398.AJJP01000043_gene2314,AJJP01000043_gene2314,annotation&nbsp;not&nbsp;available,58.1
1163398.AJJP01000184_gene100,AJJP01000184_gene100,annotation&nbsp;not&nbsp;available,58.1
1163398.AJJP01000137_gene475,AJJP01000137_gene475,annotation&nbsp;not&nbsp;available,58.1
1163398.AJJP01000064_gene3257,AJJP01000064_gene3257,annotation&nbsp;not&nbsp;available,58.1
1163398.AJJP01000040_gene2294,AJJP01000040_gene2294,annotation&nbsp;not&nbsp;available,58.1
1163398.AJJP01000035_gene364,AJJP01000035_gene364,annotation&nbsp;not&nbsp;available,58.0
1163398.AJJP01000074_gene2515,AJJP01000074_gene2515,annotation&nbsp;not&nbsp;available,58.0
1163398.AJJP01000056_gene1959,AJJP01000056_gene1959,annotation&nbsp;not&nbsp;available,58.0
1163398.AJJP01000014_gene3700,AJJP01000014_gene3700,annotation&nbsp;not&nbsp;available,58.0
1163398.AJJP01000118_gene4626,AJJP01000118_gene4626,annotation&nbsp;not&nbsp;available,58.0
1163398.AJJP01000090_gene3644,AJJP01000090_gene3644,annotation&nbsp;not&nbsp;available,57.9
1163398.AJJP01000014_gene3743,AJJP01000014_gene3743,annotation&nbsp;not&nbsp;available,57.9
1163398.AJJP01000140_gene3444,AJJP01000140_gene3444,annotation&nbsp;not&nbsp;available,57.9
1163398.AJJP01000153_gene3004,AJJP01000153_gene3004,annotation&nbsp;not&nbsp;available,57.9
1163398.AJJP01000052_gene1798,AJJP01000052_gene1798,annotation&nbsp;not&nbsp;available,57.9
1163398.AJJP01000113_gene832,AJJP01000113_gene832,annotation&nbsp;not&nbsp;available,57.8
1163398.AJJP01000184_gene104,AJJP01000184_gene104,annotation&nbsp;not&nbsp;available,57.8
1163398.AJJP01000081_gene4956,AJJP01000081_gene4956,annotation&nbsp;not&nbsp;available,57.8
1163398.AJJP01000123_gene4834,AJJP01000123_gene4834,annotation&nbsp;not&nbsp;available,57.8
1163398.AJJP01000186_gene32,AJJP01000186_gene32,annotation&nbsp;not&nbsp;available,57.8
1163398.AJJP01000187_gene17,AJJP01000187_gene17,annotation&nbsp;not&nbsp;available,57.8
1163398.AJJP01000195_gene4392,AJJP01000195_gene4392,annotation&nbsp;not&nbsp;available,57.7
1163398.AJJP01000003_gene3273,AJJP01000003_gene3273,annotation&nbsp;not&nbsp;available,57.7
1163398.AJJP01000075_gene2562,AJJP01000075_gene2562,annotation&nbsp;not&nbsp;available,57.7
1163398.AJJP01000162_gene1666,AJJP01000162_gene1666,annotation&nbsp;not&nbsp;available,57.7
1163398.AJJP01000109_gene690,AJJP01000109_gene690,annotation&nbsp;not&nbsp;available,57.7
1163398.AJJP01000036_gene407,AJJP01000036_gene407,annotation&nbsp;not&nbsp;available,57.7
1163398.AJJP01000155_gene2746,AJJP01000155_gene2746,annotation&nbsp;not&nbsp;available,57.7
1163398.AJJP01000092_gene4080,AJJP01000092_gene4080,annotation&nbsp;not&nbsp;available,57.7
1163398.AJJP01000104_gene1474,AJJP01000104_gene1474,annotation&nbsp;not&nbsp;available,57.6
1163398.AJJP01000050_gene1920,AJJP01000050_gene1920,annotation&nbsp;not&nbsp;available,57.6
1163398.AJJP01000137_gene438,AJJP01000137_gene438,annotation&nbsp;not&nbsp;available,57.6
1163398.AJJP01000091_gene1570,AJJP01000091_gene1570,annotation&nbsp;not&nbsp;available,57.6
1163398.AJJP01000048_gene2150,AJJP01000048_gene2150,annotation&nbsp;not&nbsp;available,57.6
1163398.AJJP01000008_gene4113,AJJP01000008_gene4113,annotation&nbsp;not&nbsp;available,57.5
1163398.AJJP01000144_gene3507,AJJP01000144_gene3507,annotation&nbsp;not&nbsp;available,57.5
1163398.AJJP01000078_gene4507,AJJP01000078_gene4507,annotation&nbsp;not&nbsp;available,57.5
1163398.AJJP01000063_gene3141,AJJP01000063_gene3141,annotation&nbsp;not&nbsp;available,57.5
1163398.AJJP01000129_gene4024,AJJP01000129_gene4024,annotation&nbsp;not&nbsp;available,57.5
1163398.AJJP01000070_gene2599,AJJP01000070_gene2599,annotation&nbsp;not&nbsp;available,57.5
1163398.AJJP01000205_gene3550,AJJP01000205_gene3550,annotation&nbsp;not&nbsp;available,57.5
1163398.AJJP01000022_gene1361,AJJP01000022_gene1361,annotation&nbsp;not&nbsp;available,57.5
1163398.AJJP01000030_gene236,AJJP01000030_gene236,annotation&nbsp;not&nbsp;available,57.4
1163398.AJJP01000014_gene3717,AJJP01000014_gene3717,annotation&nbsp;not&nbsp;available,57.4
1163398.AJJP01000057_gene2041,AJJP01000057_gene2041,annotation&nbsp;not&nbsp;available,57.4
1163398.AJJP01000046_gene4327,AJJP01000046_gene4327,annotation&nbsp;not&nbsp;available,57.4
1163398.AJJP01000046_gene4350,AJJP01000046_gene4350,annotation&nbsp;not&nbsp;available,57.4
1163398.AJJP01000164_gene1682,AJJP01000164_gene1682,annotation&nbsp;not&nbsp;available,57.3
1163398.AJJP01000107_gene1409,AJJP01000107_gene1409,annotation&nbsp;not&nbsp;available,57.2
1163398.AJJP01000168_gene1127,AJJP01000168_gene1127,annotation&nbsp;not&nbsp;available,57.2
1163398.AJJP01000151_gene2925,AJJP01000151_gene2925,annotation&nbsp;not&nbsp;available,57.2
1163398.AJJP01000074_gene2493,AJJP01000074_gene2493,annotation&nbsp;not&nbsp;available,57.2
1163398.AJJP01000109_gene702,AJJP01000109_gene702,annotation&nbsp;not&nbsp;available,57.2
1163398.AJJP01000119_gene4478,AJJP01000119_gene4478,annotation&nbsp;not&nbsp;available,57.2
1163398.AJJP01000091_gene1562,AJJP01000091_gene1562,annotation&nbsp;not&nbsp;available,57.2
1163398.AJJP01000118_gene4611,AJJP01000118_gene4611,annotation&nbsp;not&nbsp;available,57.1
1163398.AJJP01000129_gene4014,AJJP01000129_gene4014,annotation&nbsp;not&nbsp;available,57.1
1163398.AJJP01000070_gene2601,AJJP01000070_gene2601,annotation&nbsp;not&nbsp;available,57.1
1163398.AJJP01000101_gene1513,AJJP01000101_gene1513,annotation&nbsp;not&nbsp;available,57.1
1163398.AJJP01000134_gene3903,AJJP01000134_gene3903,annotation&nbsp;not&nbsp;available,57.0
1163398.AJJP01000134_gene3841,AJJP01000134_gene3841,annotation&nbsp;not&nbsp;available,57.0
1163398.AJJP01000180_gene179,AJJP01000180_gene179,annotation&nbsp;not&nbsp;available,57.0
1163398.AJJP01000082_gene5015,AJJP01000082_gene5015,annotation&nbsp;not&nbsp;available,57.0
1163398.AJJP01000160_gene1624,AJJP01000160_gene1624,annotation&nbsp;not&nbsp;available,57.0
1163398.AJJP01000129_gene4040,AJJP01000129_gene4040,annotation&nbsp;not&nbsp;available,57.0
1163398.AJJP01000174_gene1076,AJJP01000174_gene1076,annotation&nbsp;not&nbsp;available,56.9
1163398.AJJP01000084_gene4887,AJJP01000084_gene4887,annotation&nbsp;not&nbsp;available,56.9
1163398.AJJP01000020_gene1395,AJJP01000020_gene1395,annotation&nbsp;not&nbsp;available,56.8
1163398.AJJP01000170_gene984,AJJP01000170_gene984,annotation&nbsp;not&nbsp;available,56.8
1163398.AJJP01000053_gene1818,AJJP01000053_gene1818,annotation&nbsp;not&nbsp;available,56.8
1163398.AJJP01000043_gene2329,AJJP01000043_gene2329,annotation&nbsp;not&nbsp;available,56.8
1163398.AJJP01000193_gene2197,AJJP01000193_gene2197,annotation&nbsp;not&nbsp;available,56.8
1163398.AJJP01000170_gene1021,AJJP01000170_gene1021,annotation&nbsp;not&nbsp;available,56.7
1163398.AJJP01000008_gene4139,AJJP01000008_gene4139,annotation&nbsp;not&nbsp;available,56.7
1163398.AJJP01000109_gene704,AJJP01000109_gene704,annotation&nbsp;not&nbsp;available,56.7
1163398.AJJP01000104_gene1461,AJJP01000104_gene1461,annotation&nbsp;not&nbsp;available,56.7
1163398.AJJP01000018_gene1241,AJJP01000018_gene1241,annotation&nbsp;not&nbsp;available,56.7
1163398.AJJP01000025_gene1314,AJJP01000025_gene1314,annotation&nbsp;not&nbsp;available,56.7
1163398.AJJP01000036_gene414,AJJP01000036_gene414,annotation&nbsp;not&nbsp;available,56.7
1163398.AJJP01000017_gene3977,AJJP01000017_gene3977,annotation&nbsp;not&nbsp;available,56.6
1163398.AJJP01000160_gene1612,AJJP01000160_gene1612,annotation&nbsp;not&nbsp;available,56.6
1163398.AJJP01000005_gene3366,AJJP01000005_gene3366,annotation&nbsp;not&nbsp;available,56.6
1163398.AJJP01000212_gene3067,AJJP01000212_gene3067,annotation&nbsp;not&nbsp;available,56.6
1163398.AJJP01000035_gene386,AJJP01000035_gene386,annotation&nbsp;not&nbsp;available,56.6
1163398.AJJP01000043_gene2349,AJJP01000043_gene2349,annotation&nbsp;not&nbsp;available,56.6
1163398.AJJP01000179_gene217,AJJP01000179_gene217,annotation&nbsp;not&nbsp;available,56.6
1163398.AJJP01000150_gene2899,AJJP01000150_gene2899,annotation&nbsp;not&nbsp;available,56.6
1163398.AJJP01000151_gene2936,AJJP01000151_gene2936,annotation&nbsp;not&nbsp;available,56.6
1163398.AJJP01000137_gene465,AJJP01000137_gene465,annotation&nbsp;not&nbsp;available,56.5
1163398.AJJP01000069_gene2448,AJJP01000069_gene2448,annotation&nbsp;not&nbsp;available,56.5
1163398.AJJP01000116_gene919,AJJP01000116_gene919,annotation&nbsp;not&nbsp;available,56.5
1163398.AJJP01000156_gene2797,AJJP01000156_gene2797,annotation&nbsp;not&nbsp;available,56.5
1163398.AJJP01000130_gene4435,AJJP01000130_gene4435,annotation&nbsp;not&nbsp;available,56.5
1163398.AJJP01000160_gene1616,AJJP01000160_gene1616,annotation&nbsp;not&nbsp;available,56.5
1163398.AJJP01000112_gene795,AJJP01000112_gene795,annotation&nbsp;not&nbsp;available,56.5
1163398.AJJP01000050_gene1901,AJJP01000050_gene1901,annotation&nbsp;not&nbsp;available,56.5
1163398.AJJP01000008_gene4140,AJJP01000008_gene4140,annotation&nbsp;not&nbsp;available,56.5
1163398.AJJP01000050_gene1904,AJJP01000050_gene1904,annotation&nbsp;not&nbsp;available,56.4
1163398.AJJP01000030_gene233,AJJP01000030_gene233,annotation&nbsp;not&nbsp;available,56.4
1163398.AJJP01000074_gene2533,AJJP01000074_gene2533,annotation&nbsp;not&nbsp;available,56.3
1163398.AJJP01000048_gene2144,AJJP01000048_gene2144,annotation&nbsp;not&nbsp;available,56.3
1163398.AJJP01000062_gene3156,AJJP01000062_gene3156,annotation&nbsp;not&nbsp;available,56.3
1163398.AJJP01000150_gene2901,AJJP01000150_gene2901,annotation&nbsp;not&nbsp;available,56.3
1163398.AJJP01000082_gene5004,AJJP01000082_gene5004,annotation&nbsp;not&nbsp;available,56.3
1163398.AJJP01000018_gene1270,AJJP01000018_gene1270,annotation&nbsp;not&nbsp;available,56.2
1163398.AJJP01000197_gene4427,AJJP01000197_gene4427,annotation&nbsp;not&nbsp;available,56.2
1163398.AJJP01000185_gene59,AJJP01000185_gene59,annotation&nbsp;not&nbsp;available,56.2
1163398.AJJP01000184_gene112,AJJP01000184_gene112,annotation&nbsp;not&nbsp;available,56.2
1163398.AJJP01000170_gene989,AJJP01000170_gene989,annotation&nbsp;not&nbsp;available,56.1
1163398.AJJP01000056_gene1970,AJJP01000056_gene1970,annotation&nbsp;not&nbsp;available,56.1
1163398.AJJP01000030_gene235,AJJP01000030_gene235,annotation&nbsp;not&nbsp;available,56.1
1163398.AJJP01000053_gene1816,AJJP01000053_gene1816,annotation&nbsp;not&nbsp;available,56.1
1163398.AJJP01000063_gene3125,AJJP01000063_gene3125,annotation&nbsp;not&nbsp;available,56.1
1163398.AJJP01000214_gene3052,AJJP01000214_gene3052,annotation&nbsp;not&nbsp;available,56.0
1163398.AJJP01000090_gene3661,AJJP01000090_gene3661,annotation&nbsp;not&nbsp;available,56.0
1163398.AJJP01000020_gene1394,AJJP01000020_gene1394,annotation&nbsp;not&nbsp;available,56.0
1163398.AJJP01000059_gene3109,AJJP01000059_gene3109,annotation&nbsp;not&nbsp;available,56.0
1163398.AJJP01000017_gene3951,AJJP01000017_gene3951,annotation&nbsp;not&nbsp;available,56.0
1163398.AJJP01000191_gene4285,AJJP01000191_gene4285,annotation&nbsp;not&nbsp;available,55.9
1163398.AJJP01000006_gene2106,AJJP01000006_gene2106,annotation&nbsp;not&nbsp;available,55.9
1163398.AJJP01000134_gene3877,AJJP01000134_gene3877,annotation&nbsp;not&nbsp;available,55.9
1163398.AJJP01000197_gene4429,AJJP01000197_gene4429,annotation&nbsp;not&nbsp;available,55.9
1163398.AJJP01000041_gene2277,AJJP01000041_gene2277,annotation&nbsp;not&nbsp;available,55.9
1163398.AJJP01000071_gene2641,AJJP01000071_gene2641,annotation&nbsp;not&nbsp;available,55.8
1163398.AJJP01000046_gene4338,AJJP01000046_gene4338,annotation&nbsp;not&nbsp;available,55.8
1163398.AJJP01000078_gene4494,AJJP01000078_gene4494,annotation&nbsp;not&nbsp;available,55.8
1163398.AJJP01000032_gene285,AJJP01000032_gene285,annotation&nbsp;not&nbsp;available,55.8
1163398.AJJP01000168_gene1133,AJJP01000168_gene1133,annotation&nbsp;not&nbsp;available,55.8
1163398.AJJP01000123_gene4854,AJJP01000123_gene4854,annotation&nbsp;not&nbsp;available,55.7
1163398.AJJP01000008_gene4138,AJJP01000008_gene4138,annotation&nbsp;not&nbsp;available,55.6
1163398.AJJP01000137_gene517,AJJP01000137_gene517,annotation&nbsp;not&nbsp;available,55.6
1163398.AJJP01000030_gene244,AJJP01000030_gene244,annotation&nbsp;not&nbsp;available,55.6
1163398.AJJP01000203_gene3617,AJJP01000203_gene3617,annotation&nbsp;not&nbsp;available,55.6
1163398.AJJP01000160_gene1613,AJJP01000160_gene1613,annotation&nbsp;not&nbsp;available,55.6
1163398.AJJP01000226_gene4215,AJJP01000226_gene4215,annotation&nbsp;not&nbsp;available,55.6
1163398.AJJP01000123_gene4845,AJJP01000123_gene4845,annotation&nbsp;not&nbsp;available,55.6
1163398.AJJP01000069_gene2431,AJJP01000069_gene2431,annotation&nbsp;not&nbsp;available,55.5
1163398.AJJP01000130_gene4459,AJJP01000130_gene4459,annotation&nbsp;not&nbsp;available,55.5
1163398.AJJP01000156_gene2822,AJJP01000156_gene2822,annotation&nbsp;not&nbsp;available,55.5
1163398.AJJP01000126_gene4776,AJJP01000126_gene4776,annotation&nbsp;not&nbsp;available,55.4
1163398.AJJP01000157_gene2860,AJJP01000157_gene2860,annotation&nbsp;not&nbsp;available,55.4
1163398.AJJP01000184_gene95,AJJP01000184_gene95,annotation&nbsp;not&nbsp;available,55.3
1163398.AJJP01000049_gene2155,AJJP01000049_gene2155,annotation&nbsp;not&nbsp;available,55.3
1163398.AJJP01000024_gene1333,AJJP01000024_gene1333,annotation&nbsp;not&nbsp;available,55.2
1163398.AJJP01000082_gene5017,AJJP01000082_gene5017,annotation&nbsp;not&nbsp;available,55.2
1163398.AJJP01000069_gene2451,AJJP01000069_gene2451,annotation&nbsp;not&nbsp;available,55.2
1163398.AJJP01000109_gene694,AJJP01000109_gene694,annotation&nbsp;not&nbsp;available,55.2
1163398.AJJP01000091_gene1569,AJJP01000091_gene1569,annotation&nbsp;not&nbsp;available,55.2
1163398.AJJP01000078_gene4490,AJJP01000078_gene4490,annotation&nbsp;not&nbsp;available,55.2
1163398.AJJP01000012_gene564,AJJP01000012_gene564,annotation&nbsp;not&nbsp;available,55.2
1163398.AJJP01000155_gene2792,AJJP01000155_gene2792,annotation&nbsp;not&nbsp;available,55.1
1163398.AJJP01000186_gene26,AJJP01000186_gene26,annotation&nbsp;not&nbsp;available,55.1
1163398.AJJP01000185_gene52,AJJP01000185_gene52,annotation&nbsp;not&nbsp;available,55.1
1163398.AJJP01000050_gene1876,AJJP01000050_gene1876,annotation&nbsp;not&nbsp;available,55.0
1163398.AJJP01000156_gene2818,AJJP01000156_gene2818,annotation&nbsp;not&nbsp;available,55.0
1163398.AJJP01000103_gene1477,AJJP01000103_gene1477,annotation&nbsp;not&nbsp;available,55.0
1163398.AJJP01000198_gene3524,AJJP01000198_gene3524,annotation&nbsp;not&nbsp;available,55.0
1163398.AJJP01000150_gene2904,AJJP01000150_gene2904,annotation&nbsp;not&nbsp;available,55.0
1163398.AJJP01000108_gene609,AJJP01000108_gene609,annotation&nbsp;not&nbsp;available,55.0
1163398.AJJP01000178_gene220,AJJP01000178_gene220,annotation&nbsp;not&nbsp;available,54.9
1163398.AJJP01000011_gene4597,AJJP01000011_gene4597,annotation&nbsp;not&nbsp;available,54.9
1163398.AJJP01000137_gene439,AJJP01000137_gene439,annotation&nbsp;not&nbsp;available,54.9
1163398.AJJP01000137_gene507,AJJP01000137_gene507,annotation&nbsp;not&nbsp;available,54.9
1163398.AJJP01000134_gene3864,AJJP01000134_gene3864,annotation&nbsp;not&nbsp;available,54.9
1163398.AJJP01000117_gene921,AJJP01000117_gene921,annotation&nbsp;not&nbsp;available,54.8
1163398.AJJP01000185_gene67,AJJP01000185_gene67,annotation&nbsp;not&nbsp;available,54.8
1163398.AJJP01000184_gene96,AJJP01000184_gene96,annotation&nbsp;not&nbsp;available,54.8
1163398.AJJP01000050_gene1903,AJJP01000050_gene1903,annotation&nbsp;not&nbsp;available,54.8
1163398.AJJP01000035_gene384,AJJP01000035_gene384,annotation&nbsp;not&nbsp;available,54.8
1163398.AJJP01000207_gene3566,AJJP01000207_gene3566,annotation&nbsp;not&nbsp;available,54.7
1163398.AJJP01000048_gene2129,AJJP01000048_gene2129,annotation&nbsp;not&nbsp;available,54.7
1163398.AJJP01000010_gene3806,AJJP01000010_gene3806,annotation&nbsp;not&nbsp;available,54.7
1163398.AJJP01000074_gene2532,AJJP01000074_gene2532,annotation&nbsp;not&nbsp;available,54.7
1163398.AJJP01000107_gene1415,AJJP01000107_gene1415,annotation&nbsp;not&nbsp;available,54.6
1163398.AJJP01000018_gene1268,AJJP01000018_gene1268,annotation&nbsp;not&nbsp;available,54.6
1163398.AJJP01000017_gene3936,AJJP01000017_gene3936,annotation&nbsp;not&nbsp;available,54.6
1163398.AJJP01000119_gene4471,AJJP01000119_gene4471,annotation&nbsp;not&nbsp;available,54.6
1163398.AJJP01000161_gene1587,AJJP01000161_gene1587,annotation&nbsp;not&nbsp;available,54.6
1163398.AJJP01000151_gene2954,AJJP01000151_gene2954,annotation&nbsp;not&nbsp;available,54.5
1163398.AJJP01000184_gene117,AJJP01000184_gene117,annotation&nbsp;not&nbsp;available,54.5
1163398.AJJP01000029_gene546,AJJP01000029_gene546,annotation&nbsp;not&nbsp;available,54.5
1163398.AJJP01000152_gene2977,AJJP01000152_gene2977,annotation&nbsp;not&nbsp;available,54.4
1163398.AJJP01000063_gene3147,AJJP01000063_gene3147,annotation&nbsp;not&nbsp;available,54.3
1163398.AJJP01000006_gene2114,AJJP01000006_gene2114,annotation&nbsp;not&nbsp;available,54.3
1163398.AJJP01000226_gene4216,AJJP01000226_gene4216,annotation&nbsp;not&nbsp;available,54.3
1163398.AJJP01000170_gene1000,AJJP01000170_gene1000,annotation&nbsp;not&nbsp;available,54.3
1163398.AJJP01000037_gene2269,AJJP01000037_gene2269,annotation&nbsp;not&nbsp;available,54.3
1163398.AJJP01000096_gene2247,AJJP01000096_gene2247,annotation&nbsp;not&nbsp;available,54.3
1163398.AJJP01000054_gene2061,AJJP01000054_gene2061,annotation&nbsp;not&nbsp;available,54.3
1163398.AJJP01000126_gene4770,AJJP01000126_gene4770,annotation&nbsp;not&nbsp;available,54.3
1163398.AJJP01000005_gene3396,AJJP01000005_gene3396,annotation&nbsp;not&nbsp;available,54.2
1163398.AJJP01000071_gene2645,AJJP01000071_gene2645,annotation&nbsp;not&nbsp;available,54.2
1163398.AJJP01000053_gene1843,AJJP01000053_gene1843,annotation&nbsp;not&nbsp;available,54.2
1163398.AJJP01000160_gene1626,AJJP01000160_gene1626,annotation&nbsp;not&nbsp;available,54.2
1163398.AJJP01000187_gene15,AJJP01000187_gene15,annotation&nbsp;not&nbsp;available,54.2
1163398.AJJP01000087_gene4917,AJJP01000087_gene4917,annotation&nbsp;not&nbsp;available,54.2
1163398.AJJP01000038_gene4650,AJJP01000038_gene4650,annotation&nbsp;not&nbsp;available,54.1
1163398.AJJP01000160_gene1635,AJJP01000160_gene1635,annotation&nbsp;not&nbsp;available,54.1
1163398.AJJP01000074_gene2508,AJJP01000074_gene2508,annotation&nbsp;not&nbsp;available,54.1
1163398.AJJP01000061_gene3199,AJJP01000061_gene3199,annotation&nbsp;not&nbsp;available,54.1
1163398.AJJP01000035_gene359,AJJP01000035_gene359,annotation&nbsp;not&nbsp;available,54.1
1163398.AJJP01000039_gene3094,AJJP01000039_gene3094,annotation&nbsp;not&nbsp;available,54.1
1163398.AJJP01000060_gene3202,AJJP01000060_gene3202,annotation&nbsp;not&nbsp;available,54.1
1163398.AJJP01000091_gene1567,AJJP01000091_gene1567,annotation&nbsp;not&nbsp;available,54.1
1163398.AJJP01000140_gene3448,AJJP01000140_gene3448,annotation&nbsp;not&nbsp;available,54.0
1163398.AJJP01000016_gene1109,AJJP01000016_gene1109,annotation&nbsp;not&nbsp;available,54.0
1163398.AJJP01000011_gene4590,AJJP01000011_gene4590,annotation&nbsp;not&nbsp;available,54.0
1163398.AJJP01000182_gene176,AJJP01000182_gene176,annotation&nbsp;not&nbsp;available,53.9
1163398.AJJP01000071_gene2654,AJJP01000071_gene2654,annotation&nbsp;not&nbsp;available,53.9
1163398.AJJP01000137_gene499,AJJP01000137_gene499,annotation&nbsp;not&nbsp;available,53.9
1163398.AJJP01000188_gene4226,AJJP01000188_gene4226,annotation&nbsp;not&nbsp;available,53.9
1163398.AJJP01000083_gene4980,AJJP01000083_gene4980,annotation&nbsp;not&nbsp;available,53.9
1163398.AJJP01000017_gene3941,AJJP01000017_gene3941,annotation&nbsp;not&nbsp;available,53.7
1163398.AJJP01000063_gene3122,AJJP01000063_gene3122,annotation&nbsp;not&nbsp;available,53.7
1163398.AJJP01000134_gene3856,AJJP01000134_gene3856,annotation&nbsp;not&nbsp;available,53.7
1163398.AJJP01000149_gene2696,AJJP01000149_gene2696,annotation&nbsp;not&nbsp;available,53.7
1163398.AJJP01000170_gene1007,AJJP01000170_gene1007,annotation&nbsp;not&nbsp;available,53.7
1163398.AJJP01000159_gene1750,AJJP01000159_gene1750,annotation&nbsp;not&nbsp;available,53.7
1163398.AJJP01000124_gene4681,AJJP01000124_gene4681,annotation&nbsp;not&nbsp;available,53.6
1163398.AJJP01000189_gene4234,AJJP01000189_gene4234,annotation&nbsp;not&nbsp;available,53.6
1163398.AJJP01000055_gene2099,AJJP01000055_gene2099,annotation&nbsp;not&nbsp;available,53.6
1163398.AJJP01000092_gene4069,AJJP01000092_gene4069,annotation&nbsp;not&nbsp;available,53.6
1163398.AJJP01000111_gene779,AJJP01000111_gene779,annotation&nbsp;not&nbsp;available,53.6
1163398.AJJP01000006_gene2113,AJJP01000006_gene2113,annotation&nbsp;not&nbsp;available,53.6
1163398.AJJP01000056_gene1958,AJJP01000056_gene1958,annotation&nbsp;not&nbsp;available,53.5
1163398.AJJP01000001_gene3321,AJJP01000001_gene3321,annotation&nbsp;not&nbsp;available,53.5
1163398.AJJP01000127_gene4715,AJJP01000127_gene4715,annotation&nbsp;not&nbsp;available,53.5
1163398.AJJP01000020_gene1398,AJJP01000020_gene1398,annotation&nbsp;not&nbsp;available,53.5
1163398.AJJP01000011_gene4567,AJJP01000011_gene4567,annotation&nbsp;not&nbsp;available,53.5
1163398.AJJP01000100_gene1528,AJJP01000100_gene1528,annotation&nbsp;not&nbsp;available,53.5
1163398.AJJP01000162_gene1658,AJJP01000162_gene1658,annotation&nbsp;not&nbsp;available,53.4
1163398.AJJP01000151_gene2928,AJJP01000151_gene2928,annotation&nbsp;not&nbsp;available,53.4
1163398.AJJP01000195_gene4391,AJJP01000195_gene4391,annotation&nbsp;not&nbsp;available,53.4
1163398.AJJP01000035_gene331,AJJP01000035_gene331,annotation&nbsp;not&nbsp;available,53.4
1163398.AJJP01000021_gene1383,AJJP01000021_gene1383,annotation&nbsp;not&nbsp;available,53.4
1163398.AJJP01000187_gene4,AJJP01000187_gene4,annotation&nbsp;not&nbsp;available,53.4
1163398.AJJP01000069_gene2457,AJJP01000069_gene2457,annotation&nbsp;not&nbsp;available,53.4
1163398.AJJP01000057_gene2048,AJJP01000057_gene2048,annotation&nbsp;not&nbsp;available,53.4
1163398.AJJP01000134_gene3817,AJJP01000134_gene3817,annotation&nbsp;not&nbsp;available,53.3
1163398.AJJP01000056_gene1940,AJJP01000056_gene1940,annotation&nbsp;not&nbsp;available,53.3
1163398.AJJP01000078_gene4482,AJJP01000078_gene4482,annotation&nbsp;not&nbsp;available,53.3
1163398.AJJP01000056_gene1985,AJJP01000056_gene1985,annotation&nbsp;not&nbsp;available,53.2
1163398.AJJP01000090_gene3654,AJJP01000090_gene3654,annotation&nbsp;not&nbsp;available,53.2
1163398.AJJP01000048_gene2128,AJJP01000048_gene2128,annotation&nbsp;not&nbsp;available,53.2
1163398.AJJP01000026_gene1303,AJJP01000026_gene1303,annotation&nbsp;not&nbsp;available,53.2
1163398.AJJP01000052_gene1808,AJJP01000052_gene1808,annotation&nbsp;not&nbsp;available,53.2
1163398.AJJP01000123_gene4847,AJJP01000123_gene4847,annotation&nbsp;not&nbsp;available,53.2
1163398.AJJP01000142_gene3404,AJJP01000142_gene3404,annotation&nbsp;not&nbsp;available,53.1
1163398.AJJP01000219_gene2391,AJJP01000219_gene2391,annotation&nbsp;not&nbsp;available,53.1
1163398.AJJP01000137_gene456,AJJP01000137_gene456,annotation&nbsp;not&nbsp;available,53.1
1163398.AJJP01000168_gene1126,AJJP01000168_gene1126,annotation&nbsp;not&nbsp;available,53.1
1163398.AJJP01000011_gene4549,AJJP01000011_gene4549,annotation&nbsp;not&nbsp;available,53.1
1163398.AJJP01000031_gene252,AJJP01000031_gene252,annotation&nbsp;not&nbsp;available,53.1
1163398.AJJP01000120_gene4794,AJJP01000120_gene4794,annotation&nbsp;not&nbsp;available,53.0
1163398.AJJP01000174_gene1072,AJJP01000174_gene1072,annotation&nbsp;not&nbsp;available,53.0
1163398.AJJP01000100_gene1533,AJJP01000100_gene1533,annotation&nbsp;not&nbsp;available,53.0
1163398.AJJP01000071_gene2655,AJJP01000071_gene2655,annotation&nbsp;not&nbsp;available,53.0
1163398.AJJP01000014_gene3708,AJJP01000014_gene3708,annotation&nbsp;not&nbsp;available,52.9
1163398.AJJP01000035_gene383,AJJP01000035_gene383,annotation&nbsp;not&nbsp;available,52.9
1163398.AJJP01000185_gene40,AJJP01000185_gene40,annotation&nbsp;not&nbsp;available,52.9
1163398.AJJP01000078_gene4498,AJJP01000078_gene4498,annotation&nbsp;not&nbsp;available,52.9
1163398.AJJP01000118_gene4608,AJJP01000118_gene4608,annotation&nbsp;not&nbsp;available,52.8
1163398.AJJP01000157_gene2835,AJJP01000157_gene2835,annotation&nbsp;not&nbsp;available,52.8
1163398.AJJP01000208_gene3025,AJJP01000208_gene3025,annotation&nbsp;not&nbsp;available,52.8
1163398.AJJP01000134_gene3912,AJJP01000134_gene3912,annotation&nbsp;not&nbsp;available,52.8
1163398.AJJP01000057_gene1993,AJJP01000057_gene1993,annotation&nbsp;not&nbsp;available,52.8
1163398.AJJP01000074_gene2476,AJJP01000074_gene2476,annotation&nbsp;not&nbsp;available,52.8
1163398.AJJP01000170_gene1039,AJJP01000170_gene1039,annotation&nbsp;not&nbsp;available,52.8
1163398.AJJP01000123_gene4828,AJJP01000123_gene4828,annotation&nbsp;not&nbsp;available,52.7
1163398.AJJP01000157_gene2855,AJJP01000157_gene2855,annotation&nbsp;not&nbsp;available,52.7
1163398.AJJP01000051_gene1924,AJJP01000051_gene1924,annotation&nbsp;not&nbsp;available,52.7
1163398.AJJP01000011_gene4539,AJJP01000011_gene4539,annotation&nbsp;not&nbsp;available,52.7
1163398.AJJP01000183_gene146,AJJP01000183_gene146,annotation&nbsp;not&nbsp;available,52.6
1163398.AJJP01000120_gene4784,AJJP01000120_gene4784,annotation&nbsp;not&nbsp;available,52.6
1163398.AJJP01000167_gene1708,AJJP01000167_gene1708,annotation&nbsp;not&nbsp;available,52.6
1163398.AJJP01000014_gene3746,AJJP01000014_gene3746,annotation&nbsp;not&nbsp;available,52.6
1163398.AJJP01000185_gene75,AJJP01000185_gene75,annotation&nbsp;not&nbsp;available,52.6
1163398.AJJP01000152_gene2984,AJJP01000152_gene2984,annotation&nbsp;not&nbsp;available,52.6
1163398.AJJP01000187_gene1,AJJP01000187_gene1,annotation&nbsp;not&nbsp;available,52.5
1163398.AJJP01000137_gene498,AJJP01000137_gene498,annotation&nbsp;not&nbsp;available,52.5
1163398.AJJP01000021_gene1380,AJJP01000021_gene1380,annotation&nbsp;not&nbsp;available,52.5
1163398.AJJP01000054_gene2075,AJJP01000054_gene2075,annotation&nbsp;not&nbsp;available,52.5
1163398.AJJP01000015_gene1779,AJJP01000015_gene1779,annotation&nbsp;not&nbsp;available,52.5
1163398.AJJP01000057_gene2036,AJJP01000057_gene2036,annotation&nbsp;not&nbsp;available,52.4
1163398.AJJP01000198_gene3538,AJJP01000198_gene3538,annotation&nbsp;not&nbsp;available,52.4
1163398.AJJP01000189_gene4257,AJJP01000189_gene4257,annotation&nbsp;not&nbsp;available,52.4
1163398.AJJP01000118_gene4604,AJJP01000118_gene4604,annotation&nbsp;not&nbsp;available,52.4
1163398.AJJP01000112_gene811,AJJP01000112_gene811,annotation&nbsp;not&nbsp;available,52.4
1163398.AJJP01000193_gene2208,AJJP01000193_gene2208,annotation&nbsp;not&nbsp;available,52.4
1163398.AJJP01000070_gene2632,AJJP01000070_gene2632,annotation&nbsp;not&nbsp;available,52.4
1163398.AJJP01000029_gene548,AJJP01000029_gene548,annotation&nbsp;not&nbsp;available,52.4
1163398.AJJP01000063_gene3121,AJJP01000063_gene3121,annotation&nbsp;not&nbsp;available,52.4
1163398.AJJP01000090_gene3684,AJJP01000090_gene3684,annotation&nbsp;not&nbsp;available,52.4
1163398.AJJP01000127_gene4714,AJJP01000127_gene4714,annotation&nbsp;not&nbsp;available,52.3
1163398.AJJP01000110_gene747,AJJP01000110_gene747,annotation&nbsp;not&nbsp;available,52.3
1163398.AJJP01000087_gene4924,AJJP01000087_gene4924,annotation&nbsp;not&nbsp;available,52.3
1163398.AJJP01000186_gene27,AJJP01000186_gene27,annotation&nbsp;not&nbsp;available,52.3
1163398.AJJP01000026_gene1304,AJJP01000026_gene1304,annotation&nbsp;not&nbsp;available,52.3
1163398.AJJP01000140_gene3445,AJJP01000140_gene3445,annotation&nbsp;not&nbsp;available,52.2
1163398.AJJP01000031_gene251,AJJP01000031_gene251,annotation&nbsp;not&nbsp;available,52.2
1163398.AJJP01000015_gene1792,AJJP01000015_gene1792,annotation&nbsp;not&nbsp;available,52.2
1163398.AJJP01000156_gene2825,AJJP01000156_gene2825,annotation&nbsp;not&nbsp;available,52.2
1163398.AJJP01000056_gene1933,AJJP01000056_gene1933,annotation&nbsp;not&nbsp;available,52.2
1163398.AJJP01000011_gene4579,AJJP01000011_gene4579,annotation&nbsp;not&nbsp;available,52.2
1163398.AJJP01000198_gene3532,AJJP01000198_gene3532,annotation&nbsp;not&nbsp;available,52.1
1163398.AJJP01000169_gene1157,AJJP01000169_gene1157,annotation&nbsp;not&nbsp;available,52.1
1163398.AJJP01000189_gene4251,AJJP01000189_gene4251,annotation&nbsp;not&nbsp;available,52.1
1163398.AJJP01000081_gene4947,AJJP01000081_gene4947,annotation&nbsp;not&nbsp;available,52.1
1163398.AJJP01000059_gene3113,AJJP01000059_gene3113,annotation&nbsp;not&nbsp;available,52.1
1163398.AJJP01000157_gene2876,AJJP01000157_gene2876,annotation&nbsp;not&nbsp;available,52.1
1163398.AJJP01000054_gene2074,AJJP01000054_gene2074,annotation&nbsp;not&nbsp;available,52.0
1163398.AJJP01000079_gene4210,AJJP01000079_gene4210,annotation&nbsp;not&nbsp;available,52.0
1163398.AJJP01000069_gene2438,AJJP01000069_gene2438,annotation&nbsp;not&nbsp;available,52.0
1163398.AJJP01000146_gene3474,AJJP01000146_gene3474,annotation&nbsp;not&nbsp;available,52.0
1163398.AJJP01000066_gene3224,AJJP01000066_gene3224,annotation&nbsp;not&nbsp;available,52.0
1163398.AJJP01000179_gene214,AJJP01000179_gene214,annotation&nbsp;not&nbsp;available,51.9
1163398.AJJP01000126_gene4754,AJJP01000126_gene4754,annotation&nbsp;not&nbsp;available,51.9
1163398.AJJP01000004_gene3354,AJJP01000004_gene3354,annotation&nbsp;not&nbsp;available,51.9
1163398.AJJP01000021_gene1381,AJJP01000021_gene1381,annotation&nbsp;not&nbsp;available,51.9
1163398.AJJP01000077_gene2590,AJJP01000077_gene2590,annotation&nbsp;not&nbsp;available,51.9
1163398.AJJP01000022_gene1366,AJJP01000022_gene1366,annotation&nbsp;not&nbsp;available,51.9
1163398.AJJP01000030_gene241,AJJP01000030_gene241,annotation&nbsp;not&nbsp;available,51.9
1163398.AJJP01000079_gene4199,AJJP01000079_gene4199,annotation&nbsp;not&nbsp;available,51.8
1163398.AJJP01000152_gene2962,AJJP01000152_gene2962,annotation&nbsp;not&nbsp;available,51.8
1163398.AJJP01000137_gene480,AJJP01000137_gene480,annotation&nbsp;not&nbsp;available,51.8
1163398.AJJP01000060_gene3208,AJJP01000060_gene3208,annotation&nbsp;not&nbsp;available,51.8
1163398.AJJP01000090_gene3643,AJJP01000090_gene3643,annotation&nbsp;not&nbsp;available,51.8
1163398.AJJP01000108_gene614,AJJP01000108_gene614,annotation&nbsp;not&nbsp;available,51.8
1163398.AJJP01000057_gene2056,AJJP01000057_gene2056,annotation&nbsp;not&nbsp;available,51.7
1163398.AJJP01000069_gene2461,AJJP01000069_gene2461,annotation&nbsp;not&nbsp;available,51.7
1163398.AJJP01000047_gene2386,AJJP01000047_gene2386,annotation&nbsp;not&nbsp;available,51.7
1163398.AJJP01000096_gene2233,AJJP01000096_gene2233,annotation&nbsp;not&nbsp;available,51.6
1163398.AJJP01000083_gene4976,AJJP01000083_gene4976,annotation&nbsp;not&nbsp;available,51.6
1163398.AJJP01000109_gene676,AJJP01000109_gene676,annotation&nbsp;not&nbsp;available,51.6
1163398.AJJP01000111_gene794,AJJP01000111_gene794,annotation&nbsp;not&nbsp;available,51.6
1163398.AJJP01000043_gene2328,AJJP01000043_gene2328,annotation&nbsp;not&nbsp;available,51.6
1163398.AJJP01000036_gene415,AJJP01000036_gene415,annotation&nbsp;not&nbsp;available,51.6
1163398.AJJP01000092_gene4067,AJJP01000092_gene4067,annotation&nbsp;not&nbsp;available,51.6
1163398.AJJP01000012_gene591,AJJP01000012_gene591,annotation&nbsp;not&nbsp;available,51.5
1163398.AJJP01000114_gene852,AJJP01000114_gene852,annotation&nbsp;not&nbsp;available,51.4
1163398.AJJP01000129_gene4047,AJJP01000129_gene4047,annotation&nbsp;not&nbsp;available,51.4
1163398.AJJP01000130_gene4441,AJJP01000130_gene4441,annotation&nbsp;not&nbsp;available,51.4
1163398.AJJP01000043_gene2313,AJJP01000043_gene2313,annotation&nbsp;not&nbsp;available,51.4
1163398.AJJP01000074_gene2549,AJJP01000074_gene2549,annotation&nbsp;not&nbsp;available,51.4
1163398.AJJP01000081_gene4953,AJJP01000081_gene4953,annotation&nbsp;not&nbsp;available,51.3
1163398.AJJP01000081_gene4958,AJJP01000081_gene4958,annotation&nbsp;not&nbsp;available,51.3
1163398.AJJP01000167_gene1715,AJJP01000167_gene1715,annotation&nbsp;not&nbsp;available,51.3
1163398.AJJP01000055_gene2100,AJJP01000055_gene2100,annotation&nbsp;not&nbsp;available,51.3
1163398.AJJP01000117_gene924,AJJP01000117_gene924,annotation&nbsp;not&nbsp;available,51.3
1163398.AJJP01000214_gene3054,AJJP01000214_gene3054,annotation&nbsp;not&nbsp;available,51.3
1163398.AJJP01000134_gene3854,AJJP01000134_gene3854,annotation&nbsp;not&nbsp;available,51.3
1163398.AJJP01000003_gene3284,AJJP01000003_gene3284,annotation&nbsp;not&nbsp;available,51.3
1163398.AJJP01000158_gene1760,AJJP01000158_gene1760,annotation&nbsp;not&nbsp;available,51.2
1163398.AJJP01000012_gene561,AJJP01000012_gene561,annotation&nbsp;not&nbsp;available,51.2
1163398.AJJP01000198_gene3533,AJJP01000198_gene3533,annotation&nbsp;not&nbsp;available,51.2
1163398.AJJP01000184_gene99,AJJP01000184_gene99,annotation&nbsp;not&nbsp;available,51.2
1163398.AJJP01000030_gene240,AJJP01000030_gene240,annotation&nbsp;not&nbsp;available,51.2
1163398.AJJP01000112_gene807,AJJP01000112_gene807,annotation&nbsp;not&nbsp;available,51.2
1163398.AJJP01000170_gene1003,AJJP01000170_gene1003,annotation&nbsp;not&nbsp;available,51.2
1163398.AJJP01000192_gene4299,AJJP01000192_gene4299,annotation&nbsp;not&nbsp;available,51.2
1163398.AJJP01000035_gene349,AJJP01000035_gene349,annotation&nbsp;not&nbsp;available,51.1
1163398.AJJP01000146_gene3473,AJJP01000146_gene3473,annotation&nbsp;not&nbsp;available,51.1
1163398.AJJP01000155_gene2734,AJJP01000155_gene2734,annotation&nbsp;not&nbsp;available,51.1
1163398.AJJP01000124_gene4708,AJJP01000124_gene4708,annotation&nbsp;not&nbsp;available,51.1
1163398.AJJP01000146_gene3479,AJJP01000146_gene3479,annotation&nbsp;not&nbsp;available,51.0
1163398.AJJP01000160_gene1647,AJJP01000160_gene1647,annotation&nbsp;not&nbsp;available,51.0
1163398.AJJP01000155_gene2741,AJJP01000155_gene2741,annotation&nbsp;not&nbsp;available,51.0
